run_id,experiment_id,formation,wind_direction,wind_speed,inter_drone_distance_cm,soc_mode,target_soc_percent,soc_tolerance_percent,drone_name,drone_ip,battery_id,takeoff_order,drone_role,mission_pad,target_pad,phase,timestamp,elapsed_time,node_elapsed_time,battery,battery_start,battery_drop_from_start
20260829_162912,front_50_head_lv1_high_new_001,front,head wind,Level1,50,high,85,2,drone_1,192.168.0.100,B11,1,front_1,2,7,front_continuous_pad_feedback_positive_y_250cm,2026-08-29T16:29:32.037,19.623,0.001,81,81,0
20260829_162912,front_50_head_lv1_high_new_001,front,head wind,Level1,50,high,85,2,drone_2,192.168.0.101,B10,2,front_2,3,8,front_continuous_pad_feedback_positive_y_250cm,2026-08-29T16:29:32.037,19.623,0.001,77,77,0
20260829_162912,front_50_head_lv1_high_new_001,front,head wind,Level1,50,high,85,2,drone_3,192.168.0.102,B13,3,front_3,4,1,front_continuous_pad_feedback_positive_y_250cm,2026-08-29T16:29:32.037,19.623,0.001,80,80,0
20260829_162912,front_50_head_lv1_high_new_001,front,head wind,Level1,50,high,85,2,drone_4,192.168.0.103,B14,4,front_4,5,2,front_continuous_pad_feedback_positive_y_250cm,2026-08-29T16:29:32.037,19.623,0.001,81,81,0
20260829_162912,front_50_head_lv1_high_new_001,front,head wind,Level1,50,high,85,2,drone_5,192.168.0.104,B12,5,front_5,6,3,front_continuous_pad_feedback_positive_y_250cm,2026-08-29T16:29:32.037,19.623,0.001,79,79,0
20260829_162912,front_50_head_lv1_high_new_001,front,head wind,Level1,50,high,85,2,drone_1,192.168.0.100,B11,1,front_1,2,7,front_continuous_pad_feedback_positive_y_250cm,2026-08-29T16:29:32.144,19.729,0.107,81,81,0
20260829_162912,front_50_head_lv1_high_new_001,front,head wind,Level1,50,high,85,2,drone_2,192.168.0.101,B10,2,front_2,3,8,front_continuous_pad_feedback_positive_y_250cm,2026-08-29T16:29:32.144,19.729,0.107,77,77,0
20260829_162912,front_50_head_lv1_high_new_001,front,head wind,Level1,50,high,85,2,drone_3,192.168.0.102,B13,3,front_3,4,1,front_continuous_pad_feedback_positive_y_250cm,2026-08-29T16:29:32.144,19.729,0.107,80,80,0
20260829_162912,front_50_head_lv1_high_new_001,front,head wind,Level1,50,high,85,2,drone_4,192.168.0.103,B14,4,front_4,5,2,front_continuous_pad_feedback_positive_y_250cm,2026-08-29T16:29:32.144,19.729,0.107,81,81,0
20260829_162912,front_50_head_lv1_high_new_001,front,head wind,Level1,50,high,85,2,drone_5,192.168.0.104,B12,5,front_5,6,3,front_continuous_pad_feedback_positive_y_250cm,2026-08-29T16:29:32.144,19.729,0.107,79,79,0
20260829_162912,front_50_head_lv1_high_new_001,front,head wind,Level1,50,high,85,2,drone_1,192.168.0.100,B11,1,front_1,2,7,front_continuous_pad_feedback_positive_y_250cm,2026-08-29T16:29:32.248,19.834,0.212,81,81,0
20260829_162912,front_50_head_lv1_high_new_001,front,head wind,Level1,50,high,85,2,drone_2,192.168.0.101,B10,2,front_2,3,8,front_continuous_pad_feedback_positive_y_250cm,2026-08-29T16:29:32.248,19.834,0.212,77,77,0
20260829_162912,front_50_head_lv1_high_new_001,front,head wind,Level1,50,high,85,2,drone_3,192.168.0.102,B13,3,front_3,4,1,front_continuous_pad_feedback_positive_y_250cm,2026-08-29T16:29:32.248,19.834,0.212,80,80,0
20260829_162912,front_50_head_lv1_high_new_001,front,head wind,Level1,50,high,85,2,drone_4,192.168.0.103,B14,4,front_4,5,2,front_continuous_pad_feedback_positive_y_250cm,2026-08-29T16:29:32.248,19.834,0.212,81,81,0
20260829_162912,front_50_head_lv1_high_new_001,front,head wind,Level1,50,high,85,2,drone_5,192.168.0.104,B12,5,front_5,6,3,front_continuous_pad_feedback_positive_y_250cm,2026-08-29T16:29:32.248,19.834,0.212,79,79,0
20260829_162912,front_50_head_lv1_high_new_001,front,head wind,Level1,50,high,85,2,drone_1,192.168.0.100,B11,1,front_1,2,7,front_continuous_pad_feedback_positive_y_250cm,2026-08-29T16:29:32.353,19.938,0.316,81,81,0
20260829_162912,front_50_head_lv1_high_new_001,front,head wind,Level1,50,high,85,2,drone_2,192.168.0.101,B10,2,front_2,3,8,front_continuous_pad_feedback_positive_y_250cm,2026-08-29T16:29:32.353,19.938,0.316,77,77,0
20260829_162912,front_50_head_lv1_high_new_001,front,head wind,Level1,50,high,85,2,drone_3,192.168.0.102,B13,3,front_3,4,1,front_continuous_pad_feedback_positive_y_250cm,2026-08-29T16:29:32.353,19.938,0.316,80,80,0
20260829_162912,front_50_head_lv1_high_new_001,front,head wind,Level1,50,high,85,2,drone_4,192.168.0.103,B14,4,front_4,5,2,front_continuous_pad_feedback_positive_y_250cm,2026-08-29T16:29:32.353,19.938,0.316,81,81,0
20260829_162912,front_50_head_lv1_high_new_001,front,head wind,Level1,50,high,85,2,drone_5,192.168.0.104,B12,5,front_5,6,3,front_continuous_pad_feedback_positive_y_250cm,2026-08-29T16:29:32.353,19.938,0.316,79,79,0
20260829_162912,front_50_head_lv1_high_new_001,front,head wind,Level1,50,high,85,2,drone_1,192.168.0.100,B11,1,front_1,2,7,front_continuous_pad_feedback_positive_y_250cm,2026-08-29T16:29:32.456,20.042,0.42,81,81,0
20260829_162912,front_50_head_lv1_high_new_001,front,head wind,Level1,50,high,85,2,drone_2,192.168.0.101,B10,2,front_2,3,8,front_continuous_pad_feedback_positive_y_250cm,2026-08-29T16:29:32.456,20.042,0.42,77,77,0
20260829_162912,front_50_head_lv1_high_new_001,front,head wind,Level1,50,high,85,2,drone_3,192.168.0.102,B13,3,front_3,4,1,front_continuous_pad_feedback_positive_y_250cm,2026-08-29T16:29:32.456,20.042,0.42,80,80,0
20260829_162912,front_50_head_lv1_high_new_001,front,head wind,Level1,50,high,85,2,drone_4,192.168.0.103,B14,4,front_4,5,2,front_continuous_pad_feedback_positive_y_250cm,2026-08-29T16:29:32.456,20.042,0.42,81,81,0
20260829_162912,front_50_head_lv1_high_new_001,front,head wind,Level1,50,high,85,2,drone_5,192.168.0.104,B12,5,front_5,6,3,front_continuous_pad_feedback_positive_y_250cm,2026-08-29T16:29:32.456,20.042,0.42,79,79,0
20260829_162912,front_50_head_lv1_high_new_001,front,head wind,Level1,50,high,85,2,drone_1,192.168.0.100,B11,1,front_1,2,7,front_continuous_pad_feedback_positive_y_250cm,2026-08-29T16:29:32.563,20.148,0.526,81,81,0
20260829_162912,front_50_head_lv1_high_new_001,front,head wind,Level1,50,high,85,2,drone_2,192.168.0.101,B10,2,front_2,3,8,front_continuous_pad_feedback_positive_y_250cm,2026-08-29T16:29:32.563,20.148,0.526,77,77,0
20260829_162912,front_50_head_lv1_high_new_001,front,head wind,Level1,50,high,85,2,drone_3,192.168.0.102,B13,3,front_3,4,1,front_continuous_pad_feedback_positive_y_250cm,2026-08-29T16:29:32.563,20.148,0.526,80,80,0
20260829_162912,front_50_head_lv1_high_new_001,front,head wind,Level1,50,high,85,2,drone_4,192.168.0.103,B14,4,front_4,5,2,front_continuous_pad_feedback_positive_y_250cm,2026-08-29T16:29:32.563,20.148,0.526,81,81,0
20260829_162912,front_50_head_lv1_high_new_001,front,head wind,Level1,50,high,85,2,drone_5,192.168.0.104,B12,5,front_5,6,3,front_continuous_pad_feedback_positive_y_250cm,2026-08-29T16:29:32.563,20.148,0.526,79,79,0
20260829_162912,front_50_head_lv1_high_new_001,front,head wind,Level1,50,high,85,2,drone_1,192.168.0.100,B11,1,front_1,2,7,front_continuous_pad_feedback_positive_y_250cm,2026-08-29T16:29:32.670,20.256,0.634,81,81,0
20260829_162912,front_50_head_lv1_high_new_001,front,head wind,Level1,50,high,85,2,drone_2,192.168.0.101,B10,2,front_2,3,8,front_continuous_pad_feedback_positive_y_250cm,2026-08-29T16:29:32.670,20.256,0.634,77,77,0
20260829_162912,front_50_head_lv1_high_new_001,front,head wind,Level1,50,high,85,2,drone_3,192.168.0.102,B13,3,front_3,4,1,front_continuous_pad_feedback_positive_y_250cm,2026-08-29T16:29:32.670,20.256,0.634,80,80,0
20260829_162912,front_50_head_lv1_high_new_001,front,head wind,Level1,50,high,85,2,drone_4,192.168.0.103,B14,4,front_4,5,2,front_continuous_pad_feedback_positive_y_250cm,2026-08-29T16:29:32.670,20.256,0.634,81,81,0
20260829_162912,front_50_head_lv1_high_new_001,front,head wind,Level1,50,high,85,2,drone_5,192.168.0.104,B12,5,front_5,6,3,front_continuous_pad_feedback_positive_y_250cm,2026-08-29T16:29:32.670,20.256,0.634,79,79,0
20260829_162912,front_50_head_lv1_high_new_001,front,head wind,Level1,50,high,85,2,drone_1,192.168.0.100,B11,1,front_1,2,7,front_continuous_pad_feedback_positive_y_250cm,2026-08-29T16:29:32.777,20.362,0.74,81,81,0
20260829_162912,front_50_head_lv1_high_new_001,front,head wind,Level1,50,high,85,2,drone_2,192.168.0.101,B10,2,front_2,3,8,front_continuous_pad_feedback_positive_y_250cm,2026-08-29T16:29:32.777,20.362,0.74,77,77,0
20260829_162912,front_50_head_lv1_high_new_001,front,head wind,Level1,50,high,85,2,drone_3,192.168.0.102,B13,3,front_3,4,1,front_continuous_pad_feedback_positive_y_250cm,2026-08-29T16:29:32.777,20.362,0.74,80,80,0
20260829_162912,front_50_head_lv1_high_new_001,front,head wind,Level1,50,high,85,2,drone_4,192.168.0.103,B14,4,front_4,5,2,front_continuous_pad_feedback_positive_y_250cm,2026-08-29T16:29:32.777,20.362,0.74,81,81,0
20260829_162912,front_50_head_lv1_high_new_001,front,head wind,Level1,50,high,85,2,drone_5,192.168.0.104,B12,5,front_5,6,3,front_continuous_pad_feedback_positive_y_250cm,2026-08-29T16:29:32.777,20.362,0.74,79,79,0
20260829_162912,front_50_head_lv1_high_new_001,front,head wind,Level1,50,high,85,2,drone_1,192.168.0.100,B11,1,front_1,2,7,front_continuous_pad_feedback_positive_y_250cm,2026-08-29T16:29:32.883,20.468,0.846,81,81,0
20260829_162912,front_50_head_lv1_high_new_001,front,head wind,Level1,50,high,85,2,drone_2,192.168.0.101,B10,2,front_2,3,8,front_continuous_pad_feedback_positive_y_250cm,2026-08-29T16:29:32.883,20.468,0.846,77,77,0
20260829_162912,front_50_head_lv1_high_new_001,front,head wind,Level1,50,high,85,2,drone_3,192.168.0.102,B13,3,front_3,4,1,front_continuous_pad_feedback_positive_y_250cm,2026-08-29T16:29:32.883,20.468,0.846,80,80,0
20260829_162912,front_50_head_lv1_high_new_001,front,head wind,Level1,50,high,85,2,drone_4,192.168.0.103,B14,4,front_4,5,2,front_continuous_pad_feedback_positive_y_250cm,2026-08-29T16:29:32.883,20.468,0.846,81,81,0
20260829_162912,front_50_head_lv1_high_new_001,front,head wind,Level1,50,high,85,2,drone_5,192.168.0.104,B12,5,front_5,6,3,front_continuous_pad_feedback_positive_y_250cm,2026-08-29T16:29:32.883,20.468,0.846,79,79,0
20260829_162912,front_50_head_lv1_high_new_001,front,head wind,Level1,50,high,85,2,drone_1,192.168.0.100,B11,1,front_1,2,7,front_continuous_pad_feedback_positive_y_250cm,2026-08-29T16:29:32.986,20.571,0.949,81,81,0
20260829_162912,front_50_head_lv1_high_new_001,front,head wind,Level1,50,high,85,2,drone_2,192.168.0.101,B10,2,front_2,3,8,front_continuous_pad_feedback_positive_y_250cm,2026-08-29T16:29:32.986,20.571,0.949,77,77,0
20260829_162912,front_50_head_lv1_high_new_001,front,head wind,Level1,50,high,85,2,drone_3,192.168.0.102,B13,3,front_3,4,1,front_continuous_pad_feedback_positive_y_250cm,2026-08-29T16:29:32.986,20.571,0.949,80,80,0
20260829_162912,front_50_head_lv1_high_new_001,front,head wind,Level1,50,high,85,2,drone_4,192.168.0.103,B14,4,front_4,5,2,front_continuous_pad_feedback_positive_y_250cm,2026-08-29T16:29:32.986,20.571,0.949,81,81,0
20260829_162912,front_50_head_lv1_high_new_001,front,head wind,Level1,50,high,85,2,drone_5,192.168.0.104,B12,5,front_5,6,3,front_continuous_pad_feedback_positive_y_250cm,2026-08-29T16:29:32.986,20.571,0.949,79,79,0
20260829_162912,front_50_head_lv1_high_new_001,front,head wind,Level1,50,high,85,2,drone_1,192.168.0.100,B11,1,front_1,2,7,front_continuous_pad_feedback_positive_y_250cm,2026-08-29T16:29:33.094,20.68,1.058,81,81,0
20260829_162912,front_50_head_lv1_high_new_001,front,head wind,Level1,50,high,85,2,drone_2,192.168.0.101,B10,2,front_2,3,8,front_continuous_pad_feedback_positive_y_250cm,2026-08-29T16:29:33.094,20.68,1.058,77,77,0
20260829_162912,front_50_head_lv1_high_new_001,front,head wind,Level1,50,high,85,2,drone_3,192.168.0.102,B13,3,front_3,4,1,front_continuous_pad_feedback_positive_y_250cm,2026-08-29T16:29:33.094,20.68,1.058,80,80,0
20260829_162912,front_50_head_lv1_high_new_001,front,head wind,Level1,50,high,85,2,drone_4,192.168.0.103,B14,4,front_4,5,2,front_continuous_pad_feedback_positive_y_250cm,2026-08-29T16:29:33.094,20.68,1.058,81,81,0
20260829_162912,front_50_head_lv1_high_new_001,front,head wind,Level1,50,high,85,2,drone_5,192.168.0.104,B12,5,front_5,6,3,front_continuous_pad_feedback_positive_y_250cm,2026-08-29T16:29:33.094,20.68,1.058,79,79,0
20260829_162912,front_50_head_lv1_high_new_001,front,head wind,Level1,50,high,85,2,drone_1,192.168.0.100,B11,1,front_1,2,7,front_continuous_pad_feedback_positive_y_250cm,2026-08-29T16:29:33.203,20.788,1.166,81,81,0
20260829_162912,front_50_head_lv1_high_new_001,front,head wind,Level1,50,high,85,2,drone_2,192.168.0.101,B10,2,front_2,3,8,front_continuous_pad_feedback_positive_y_250cm,2026-08-29T16:29:33.203,20.788,1.166,77,77,0
20260829_162912,front_50_head_lv1_high_new_001,front,head wind,Level1,50,high,85,2,drone_3,192.168.0.102,B13,3,front_3,4,1,front_continuous_pad_feedback_positive_y_250cm,2026-08-29T16:29:33.203,20.788,1.166,80,80,0
20260829_162912,front_50_head_lv1_high_new_001,front,head wind,Level1,50,high,85,2,drone_4,192.168.0.103,B14,4,front_4,5,2,front_continuous_pad_feedback_positive_y_250cm,2026-08-29T16:29:33.203,20.788,1.166,81,81,0
20260829_162912,front_50_head_lv1_high_new_001,front,head wind,Level1,50,high,85,2,drone_5,192.168.0.104,B12,5,front_5,6,3,front_continuous_pad_feedback_positive_y_250cm,2026-08-29T16:29:33.203,20.788,1.166,79,79,0
20260829_162912,front_50_head_lv1_high_new_001,front,head wind,Level1,50,high,85,2,drone_1,192.168.0.100,B11,1,front_1,2,7,front_continuous_pad_feedback_positive_y_250cm,2026-08-29T16:29:33.309,20.895,1.273,81,81,0
20260829_162912,front_50_head_lv1_high_new_001,front,head wind,Level1,50,high,85,2,drone_2,192.168.0.101,B10,2,front_2,3,8,front_continuous_pad_feedback_positive_y_250cm,2026-08-29T16:29:33.309,20.895,1.273,77,77,0
20260829_162912,front_50_head_lv1_high_new_001,front,head wind,Level1,50,high,85,2,drone_3,192.168.0.102,B13,3,front_3,4,1,front_continuous_pad_feedback_positive_y_250cm,2026-08-29T16:29:33.309,20.895,1.273,80,80,0
20260829_162912,front_50_head_lv1_high_new_001,front,head wind,Level1,50,high,85,2,drone_4,192.168.0.103,B14,4,front_4,5,2,front_continuous_pad_feedback_positive_y_250cm,2026-08-29T16:29:33.309,20.895,1.273,81,81,0
20260829_162912,front_50_head_lv1_high_new_001,front,head wind,Level1,50,high,85,2,drone_5,192.168.0.104,B12,5,front_5,6,3,front_continuous_pad_feedback_positive_y_250cm,2026-08-29T16:29:33.309,20.895,1.273,79,79,0
20260829_162912,front_50_head_lv1_high_new_001,front,head wind,Level1,50,high,85,2,drone_1,192.168.0.100,B11,1,front_1,2,7,front_continuous_pad_feedback_positive_y_250cm,2026-08-29T16:29:33.416,21.002,1.38,81,81,0
20260829_162912,front_50_head_lv1_high_new_001,front,head wind,Level1,50,high,85,2,drone_2,192.168.0.101,B10,2,front_2,3,8,front_continuous_pad_feedback_positive_y_250cm,2026-08-29T16:29:33.416,21.002,1.38,77,77,0
20260829_162912,front_50_head_lv1_high_new_001,front,head wind,Level1,50,high,85,2,drone_3,192.168.0.102,B13,3,front_3,4,1,front_continuous_pad_feedback_positive_y_250cm,2026-08-29T16:29:33.416,21.002,1.38,80,80,0
20260829_162912,front_50_head_lv1_high_new_001,front,head wind,Level1,50,high,85,2,drone_4,192.168.0.103,B14,4,front_4,5,2,front_continuous_pad_feedback_positive_y_250cm,2026-08-29T16:29:33.416,21.002,1.38,81,81,0
20260829_162912,front_50_head_lv1_high_new_001,front,head wind,Level1,50,high,85,2,drone_5,192.168.0.104,B12,5,front_5,6,3,front_continuous_pad_feedback_positive_y_250cm,2026-08-29T16:29:33.416,21.002,1.38,79,79,0
20260829_162912,front_50_head_lv1_high_new_001,front,head wind,Level1,50,high,85,2,drone_1,192.168.0.100,B11,1,front_1,2,7,front_continuous_pad_feedback_positive_y_250cm,2026-08-29T16:29:33.521,21.106,1.485,81,81,0
20260829_162912,front_50_head_lv1_high_new_001,front,head wind,Level1,50,high,85,2,drone_2,192.168.0.101,B10,2,front_2,3,8,front_continuous_pad_feedback_positive_y_250cm,2026-08-29T16:29:33.521,21.106,1.485,77,77,0
20260829_162912,front_50_head_lv1_high_new_001,front,head wind,Level1,50,high,85,2,drone_3,192.168.0.102,B13,3,front_3,4,1,front_continuous_pad_feedback_positive_y_250cm,2026-08-29T16:29:33.521,21.106,1.485,80,80,0
20260829_162912,front_50_head_lv1_high_new_001,front,head wind,Level1,50,high,85,2,drone_4,192.168.0.103,B14,4,front_4,5,2,front_continuous_pad_feedback_positive_y_250cm,2026-08-29T16:29:33.521,21.106,1.485,81,81,0
20260829_162912,front_50_head_lv1_high_new_001,front,head wind,Level1,50,high,85,2,drone_5,192.168.0.104,B12,5,front_5,6,3,front_continuous_pad_feedback_positive_y_250cm,2026-08-29T16:29:33.521,21.106,1.485,79,79,0
20260829_162912,front_50_head_lv1_high_new_001,front,head wind,Level1,50,high,85,2,drone_1,192.168.0.100,B11,1,front_1,2,7,front_continuous_pad_feedback_positive_y_250cm,2026-08-29T16:29:33.628,21.213,1.591,81,81,0
20260829_162912,front_50_head_lv1_high_new_001,front,head wind,Level1,50,high,85,2,drone_2,192.168.0.101,B10,2,front_2,3,8,front_continuous_pad_feedback_positive_y_250cm,2026-08-29T16:29:33.628,21.213,1.591,77,77,0
20260829_162912,front_50_head_lv1_high_new_001,front,head wind,Level1,50,high,85,2,drone_3,192.168.0.102,B13,3,front_3,4,1,front_continuous_pad_feedback_positive_y_250cm,2026-08-29T16:29:33.628,21.213,1.591,80,80,0
20260829_162912,front_50_head_lv1_high_new_001,front,head wind,Level1,50,high,85,2,drone_4,192.168.0.103,B14,4,front_4,5,2,front_continuous_pad_feedback_positive_y_250cm,2026-08-29T16:29:33.628,21.213,1.591,81,81,0
20260829_162912,front_50_head_lv1_high_new_001,front,head wind,Level1,50,high,85,2,drone_5,192.168.0.104,B12,5,front_5,6,3,front_continuous_pad_feedback_positive_y_250cm,2026-08-29T16:29:33.628,21.213,1.591,79,79,0
20260829_162912,front_50_head_lv1_high_new_001,front,head wind,Level1,50,high,85,2,drone_1,192.168.0.100,B11,1,front_1,2,7,front_continuous_pad_feedback_positive_y_250cm,2026-08-29T16:29:33.734,21.32,1.698,81,81,0
20260829_162912,front_50_head_lv1_high_new_001,front,head wind,Level1,50,high,85,2,drone_2,192.168.0.101,B10,2,front_2,3,8,front_continuous_pad_feedback_positive_y_250cm,2026-08-29T16:29:33.734,21.32,1.698,77,77,0
20260829_162912,front_50_head_lv1_high_new_001,front,head wind,Level1,50,high,85,2,drone_3,192.168.0.102,B13,3,front_3,4,1,front_continuous_pad_feedback_positive_y_250cm,2026-08-29T16:29:33.734,21.32,1.698,80,80,0
20260829_162912,front_50_head_lv1_high_new_001,front,head wind,Level1,50,high,85,2,drone_4,192.168.0.103,B14,4,front_4,5,2,front_continuous_pad_feedback_positive_y_250cm,2026-08-29T16:29:33.734,21.32,1.698,81,81,0
20260829_162912,front_50_head_lv1_high_new_001,front,head wind,Level1,50,high,85,2,drone_5,192.168.0.104,B12,5,front_5,6,3,front_continuous_pad_feedback_positive_y_250cm,2026-08-29T16:29:33.734,21.32,1.698,79,79,0
20260829_162912,front_50_head_lv1_high_new_001,front,head wind,Level1,50,high,85,2,drone_1,192.168.0.100,B11,1,front_1,2,7,front_continuous_pad_feedback_positive_y_250cm,2026-08-29T16:29:33.840,21.425,1.803,81,81,0
20260829_162912,front_50_head_lv1_high_new_001,front,head wind,Level1,50,high,85,2,drone_2,192.168.0.101,B10,2,front_2,3,8,front_continuous_pad_feedback_positive_y_250cm,2026-08-29T16:29:33.840,21.425,1.803,77,77,0
20260829_162912,front_50_head_lv1_high_new_001,front,head wind,Level1,50,high,85,2,drone_3,192.168.0.102,B13,3,front_3,4,1,front_continuous_pad_feedback_positive_y_250cm,2026-08-29T16:29:33.840,21.425,1.803,80,80,0
20260829_162912,front_50_head_lv1_high_new_001,front,head wind,Level1,50,high,85,2,drone_4,192.168.0.103,B14,4,front_4,5,2,front_continuous_pad_feedback_positive_y_250cm,2026-08-29T16:29:33.840,21.425,1.803,81,81,0
20260829_162912,front_50_head_lv1_high_new_001,front,head wind,Level1,50,high,85,2,drone_5,192.168.0.104,B12,5,front_5,6,3,front_continuous_pad_feedback_positive_y_250cm,2026-08-29T16:29:33.840,21.425,1.803,79,79,0
20260829_162912,front_50_head_lv1_high_new_001,front,head wind,Level1,50,high,85,2,drone_1,192.168.0.100,B11,1,front_1,2,7,front_continuous_pad_feedback_positive_y_250cm,2026-08-29T16:29:33.945,21.531,1.909,81,81,0
20260829_162912,front_50_head_lv1_high_new_001,front,head wind,Level1,50,high,85,2,drone_2,192.168.0.101,B10,2,front_2,3,8,front_continuous_pad_feedback_positive_y_250cm,2026-08-29T16:29:33.945,21.531,1.909,77,77,0
20260829_162912,front_50_head_lv1_high_new_001,front,head wind,Level1,50,high,85,2,drone_3,192.168.0.102,B13,3,front_3,4,1,front_continuous_pad_feedback_positive_y_250cm,2026-08-29T16:29:33.945,21.531,1.909,80,80,0
20260829_162912,front_50_head_lv1_high_new_001,front,head wind,Level1,50,high,85,2,drone_4,192.168.0.103,B14,4,front_4,5,2,front_continuous_pad_feedback_positive_y_250cm,2026-08-29T16:29:33.945,21.531,1.909,81,81,0
20260829_162912,front_50_head_lv1_high_new_001,front,head wind,Level1,50,high,85,2,drone_5,192.168.0.104,B12,5,front_5,6,3,front_continuous_pad_feedback_positive_y_250cm,2026-08-29T16:29:33.945,21.531,1.909,79,79,0
20260829_162912,front_50_head_lv1_high_new_001,front,head wind,Level1,50,high,85,2,drone_1,192.168.0.100,B11,1,front_1,2,7,front_continuous_pad_feedback_positive_y_250cm,2026-08-29T16:29:34.053,21.638,2.017,81,81,0
20260829_162912,front_50_head_lv1_high_new_001,front,head wind,Level1,50,high,85,2,drone_2,192.168.0.101,B10,2,front_2,3,8,front_continuous_pad_feedback_positive_y_250cm,2026-08-29T16:29:34.053,21.638,2.017,77,77,0
20260829_162912,front_50_head_lv1_high_new_001,front,head wind,Level1,50,high,85,2,drone_3,192.168.0.102,B13,3,front_3,4,1,front_continuous_pad_feedback_positive_y_250cm,2026-08-29T16:29:34.053,21.638,2.017,80,80,0
20260829_162912,front_50_head_lv1_high_new_001,front,head wind,Level1,50,high,85,2,drone_4,192.168.0.103,B14,4,front_4,5,2,front_continuous_pad_feedback_positive_y_250cm,2026-08-29T16:29:34.053,21.638,2.017,81,81,0
20260829_162912,front_50_head_lv1_high_new_001,front,head wind,Level1,50,high,85,2,drone_5,192.168.0.104,B12,5,front_5,6,3,front_continuous_pad_feedback_positive_y_250cm,2026-08-29T16:29:34.053,21.638,2.017,79,79,0
20260829_162912,front_50_head_lv1_high_new_001,front,head wind,Level1,50,high,85,2,drone_1,192.168.0.100,B11,1,front_1,2,7,front_continuous_pad_feedback_positive_y_250cm,2026-08-29T16:29:34.158,21.744,2.122,81,81,0
20260829_162912,front_50_head_lv1_high_new_001,front,head wind,Level1,50,high,85,2,drone_2,192.168.0.101,B10,2,front_2,3,8,front_continuous_pad_feedback_positive_y_250cm,2026-08-29T16:29:34.158,21.744,2.122,77,77,0
20260829_162912,front_50_head_lv1_high_new_001,front,head wind,Level1,50,high,85,2,drone_3,192.168.0.102,B13,3,front_3,4,1,front_continuous_pad_feedback_positive_y_250cm,2026-08-29T16:29:34.158,21.744,2.122,80,80,0
20260829_162912,front_50_head_lv1_high_new_001,front,head wind,Level1,50,high,85,2,drone_4,192.168.0.103,B14,4,front_4,5,2,front_continuous_pad_feedback_positive_y_250cm,2026-08-29T16:29:34.158,21.744,2.122,81,81,0
20260829_162912,front_50_head_lv1_high_new_001,front,head wind,Level1,50,high,85,2,drone_5,192.168.0.104,B12,5,front_5,6,3,front_continuous_pad_feedback_positive_y_250cm,2026-08-29T16:29:34.158,21.744,2.122,79,79,0
20260829_162912,front_50_head_lv1_high_new_001,front,head wind,Level1,50,high,85,2,drone_1,192.168.0.100,B11,1,front_1,2,7,front_continuous_pad_feedback_positive_y_250cm,2026-08-29T16:29:34.265,21.85,2.228,81,81,0
20260829_162912,front_50_head_lv1_high_new_001,front,head wind,Level1,50,high,85,2,drone_2,192.168.0.101,B10,2,front_2,3,8,front_continuous_pad_feedback_positive_y_250cm,2026-08-29T16:29:34.265,21.85,2.228,77,77,0
20260829_162912,front_50_head_lv1_high_new_001,front,head wind,Level1,50,high,85,2,drone_3,192.168.0.102,B13,3,front_3,4,1,front_continuous_pad_feedback_positive_y_250cm,2026-08-29T16:29:34.265,21.85,2.228,80,80,0
20260829_162912,front_50_head_lv1_high_new_001,front,head wind,Level1,50,high,85,2,drone_4,192.168.0.103,B14,4,front_4,5,2,front_continuous_pad_feedback_positive_y_250cm,2026-08-29T16:29:34.265,21.85,2.228,81,81,0
20260829_162912,front_50_head_lv1_high_new_001,front,head wind,Level1,50,high,85,2,drone_5,192.168.0.104,B12,5,front_5,6,3,front_continuous_pad_feedback_positive_y_250cm,2026-08-29T16:29:34.265,21.85,2.228,79,79,0
20260829_162912,front_50_head_lv1_high_new_001,front,head wind,Level1,50,high,85,2,drone_1,192.168.0.100,B11,1,front_1,2,7,front_continuous_pad_feedback_positive_y_250cm,2026-08-29T16:29:34.373,21.959,2.337,81,81,0
20260829_162912,front_50_head_lv1_high_new_001,front,head wind,Level1,50,high,85,2,drone_2,192.168.0.101,B10,2,front_2,3,8,front_continuous_pad_feedback_positive_y_250cm,2026-08-29T16:29:34.373,21.959,2.337,77,77,0
20260829_162912,front_50_head_lv1_high_new_001,front,head wind,Level1,50,high,85,2,drone_3,192.168.0.102,B13,3,front_3,4,1,front_continuous_pad_feedback_positive_y_250cm,2026-08-29T16:29:34.373,21.959,2.337,80,80,0
20260829_162912,front_50_head_lv1_high_new_001,front,head wind,Level1,50,high,85,2,drone_4,192.168.0.103,B14,4,front_4,5,2,front_continuous_pad_feedback_positive_y_250cm,2026-08-29T16:29:34.373,21.959,2.337,81,81,0
20260829_162912,front_50_head_lv1_high_new_001,front,head wind,Level1,50,high,85,2,drone_5,192.168.0.104,B12,5,front_5,6,3,front_continuous_pad_feedback_positive_y_250cm,2026-08-29T16:29:34.373,21.959,2.337,79,79,0
20260829_162912,front_50_head_lv1_high_new_001,front,head wind,Level1,50,high,85,2,drone_1,192.168.0.100,B11,1,front_1,2,7,front_continuous_pad_feedback_positive_y_250cm,2026-08-29T16:29:34.476,22.061,2.439,81,81,0
20260829_162912,front_50_head_lv1_high_new_001,front,head wind,Level1,50,high,85,2,drone_2,192.168.0.101,B10,2,front_2,3,8,front_continuous_pad_feedback_positive_y_250cm,2026-08-29T16:29:34.476,22.061,2.439,77,77,0
20260829_162912,front_50_head_lv1_high_new_001,front,head wind,Level1,50,high,85,2,drone_3,192.168.0.102,B13,3,front_3,4,1,front_continuous_pad_feedback_positive_y_250cm,2026-08-29T16:29:34.476,22.061,2.439,80,80,0
20260829_162912,front_50_head_lv1_high_new_001,front,head wind,Level1,50,high,85,2,drone_4,192.168.0.103,B14,4,front_4,5,2,front_continuous_pad_feedback_positive_y_250cm,2026-08-29T16:29:34.476,22.061,2.439,81,81,0
20260829_162912,front_50_head_lv1_high_new_001,front,head wind,Level1,50,high,85,2,drone_5,192.168.0.104,B12,5,front_5,6,3,front_continuous_pad_feedback_positive_y_250cm,2026-08-29T16:29:34.476,22.061,2.439,79,79,0
20260829_162912,front_50_head_lv1_high_new_001,front,head wind,Level1,50,high,85,2,drone_1,192.168.0.100,B11,1,front_1,2,7,front_continuous_pad_feedback_positive_y_250cm,2026-08-29T16:29:34.582,22.167,2.545,81,81,0
20260829_162912,front_50_head_lv1_high_new_001,front,head wind,Level1,50,high,85,2,drone_2,192.168.0.101,B10,2,front_2,3,8,front_continuous_pad_feedback_positive_y_250cm,2026-08-29T16:29:34.582,22.167,2.545,77,77,0
20260829_162912,front_50_head_lv1_high_new_001,front,head wind,Level1,50,high,85,2,drone_3,192.168.0.102,B13,3,front_3,4,1,front_continuous_pad_feedback_positive_y_250cm,2026-08-29T16:29:34.582,22.167,2.545,80,80,0
20260829_162912,front_50_head_lv1_high_new_001,front,head wind,Level1,50,high,85,2,drone_4,192.168.0.103,B14,4,front_4,5,2,front_continuous_pad_feedback_positive_y_250cm,2026-08-29T16:29:34.582,22.167,2.545,81,81,0
20260829_162912,front_50_head_lv1_high_new_001,front,head wind,Level1,50,high,85,2,drone_5,192.168.0.104,B12,5,front_5,6,3,front_continuous_pad_feedback_positive_y_250cm,2026-08-29T16:29:34.582,22.167,2.545,79,79,0
20260829_162912,front_50_head_lv1_high_new_001,front,head wind,Level1,50,high,85,2,drone_1,192.168.0.100,B11,1,front_1,2,7,front_continuous_pad_feedback_positive_y_250cm,2026-08-29T16:29:34.688,22.274,2.652,81,81,0
20260829_162912,front_50_head_lv1_high_new_001,front,head wind,Level1,50,high,85,2,drone_2,192.168.0.101,B10,2,front_2,3,8,front_continuous_pad_feedback_positive_y_250cm,2026-08-29T16:29:34.688,22.274,2.652,77,77,0
20260829_162912,front_50_head_lv1_high_new_001,front,head wind,Level1,50,high,85,2,drone_3,192.168.0.102,B13,3,front_3,4,1,front_continuous_pad_feedback_positive_y_250cm,2026-08-29T16:29:34.688,22.274,2.652,80,80,0
20260829_162912,front_50_head_lv1_high_new_001,front,head wind,Level1,50,high,85,2,drone_4,192.168.0.103,B14,4,front_4,5,2,front_continuous_pad_feedback_positive_y_250cm,2026-08-29T16:29:34.688,22.274,2.652,81,81,0
20260829_162912,front_50_head_lv1_high_new_001,front,head wind,Level1,50,high,85,2,drone_5,192.168.0.104,B12,5,front_5,6,3,front_continuous_pad_feedback_positive_y_250cm,2026-08-29T16:29:34.688,22.274,2.652,79,79,0
20260829_162912,front_50_head_lv1_high_new_001,front,head wind,Level1,50,high,85,2,drone_1,192.168.0.100,B11,1,front_1,2,7,front_continuous_pad_feedback_positive_y_250cm,2026-08-29T16:29:34.795,22.38,2.758,81,81,0
20260829_162912,front_50_head_lv1_high_new_001,front,head wind,Level1,50,high,85,2,drone_2,192.168.0.101,B10,2,front_2,3,8,front_continuous_pad_feedback_positive_y_250cm,2026-08-29T16:29:34.795,22.38,2.758,77,77,0
20260829_162912,front_50_head_lv1_high_new_001,front,head wind,Level1,50,high,85,2,drone_3,192.168.0.102,B13,3,front_3,4,1,front_continuous_pad_feedback_positive_y_250cm,2026-08-29T16:29:34.795,22.38,2.758,80,80,0
20260829_162912,front_50_head_lv1_high_new_001,front,head wind,Level1,50,high,85,2,drone_4,192.168.0.103,B14,4,front_4,5,2,front_continuous_pad_feedback_positive_y_250cm,2026-08-29T16:29:34.795,22.38,2.758,81,81,0
20260829_162912,front_50_head_lv1_high_new_001,front,head wind,Level1,50,high,85,2,drone_5,192.168.0.104,B12,5,front_5,6,3,front_continuous_pad_feedback_positive_y_250cm,2026-08-29T16:29:34.795,22.38,2.758,79,79,0
20260829_162912,front_50_head_lv1_high_new_001,front,head wind,Level1,50,high,85,2,drone_1,192.168.0.100,B11,1,front_1,2,7,front_continuous_pad_feedback_positive_y_250cm,2026-08-29T16:29:34.900,22.486,2.864,81,81,0
20260829_162912,front_50_head_lv1_high_new_001,front,head wind,Level1,50,high,85,2,drone_2,192.168.0.101,B10,2,front_2,3,8,front_continuous_pad_feedback_positive_y_250cm,2026-08-29T16:29:34.900,22.486,2.864,77,77,0
20260829_162912,front_50_head_lv1_high_new_001,front,head wind,Level1,50,high,85,2,drone_3,192.168.0.102,B13,3,front_3,4,1,front_continuous_pad_feedback_positive_y_250cm,2026-08-29T16:29:34.900,22.486,2.864,80,80,0
20260829_162912,front_50_head_lv1_high_new_001,front,head wind,Level1,50,high,85,2,drone_4,192.168.0.103,B14,4,front_4,5,2,front_continuous_pad_feedback_positive_y_250cm,2026-08-29T16:29:34.900,22.486,2.864,81,81,0
20260829_162912,front_50_head_lv1_high_new_001,front,head wind,Level1,50,high,85,2,drone_5,192.168.0.104,B12,5,front_5,6,3,front_continuous_pad_feedback_positive_y_250cm,2026-08-29T16:29:34.900,22.486,2.864,79,79,0
20260829_162912,front_50_head_lv1_high_new_001,front,head wind,Level1,50,high,85,2,drone_1,192.168.0.100,B11,1,front_1,2,7,front_continuous_pad_feedback_positive_y_250cm,2026-08-29T16:29:35.007,22.592,2.97,81,81,0
20260829_162912,front_50_head_lv1_high_new_001,front,head wind,Level1,50,high,85,2,drone_2,192.168.0.101,B10,2,front_2,3,8,front_continuous_pad_feedback_positive_y_250cm,2026-08-29T16:29:35.007,22.592,2.97,77,77,0
20260829_162912,front_50_head_lv1_high_new_001,front,head wind,Level1,50,high,85,2,drone_3,192.168.0.102,B13,3,front_3,4,1,front_continuous_pad_feedback_positive_y_250cm,2026-08-29T16:29:35.007,22.592,2.97,80,80,0
20260829_162912,front_50_head_lv1_high_new_001,front,head wind,Level1,50,high,85,2,drone_4,192.168.0.103,B14,4,front_4,5,2,front_continuous_pad_feedback_positive_y_250cm,2026-08-29T16:29:35.007,22.592,2.97,81,81,0
20260829_162912,front_50_head_lv1_high_new_001,front,head wind,Level1,50,high,85,2,drone_5,192.168.0.104,B12,5,front_5,6,3,front_continuous_pad_feedback_positive_y_250cm,2026-08-29T16:29:35.007,22.592,2.97,79,79,0
20260829_162912,front_50_head_lv1_high_new_001,front,head wind,Level1,50,high,85,2,drone_1,192.168.0.100,B11,1,front_1,2,7,front_continuous_pad_feedback_positive_y_250cm,2026-08-29T16:29:35.115,22.7,3.078,81,81,0
20260829_162912,front_50_head_lv1_high_new_001,front,head wind,Level1,50,high,85,2,drone_2,192.168.0.101,B10,2,front_2,3,8,front_continuous_pad_feedback_positive_y_250cm,2026-08-29T16:29:35.115,22.7,3.078,77,77,0
20260829_162912,front_50_head_lv1_high_new_001,front,head wind,Level1,50,high,85,2,drone_3,192.168.0.102,B13,3,front_3,4,1,front_continuous_pad_feedback_positive_y_250cm,2026-08-29T16:29:35.115,22.7,3.078,80,80,0
20260829_162912,front_50_head_lv1_high_new_001,front,head wind,Level1,50,high,85,2,drone_4,192.168.0.103,B14,4,front_4,5,2,front_continuous_pad_feedback_positive_y_250cm,2026-08-29T16:29:35.115,22.7,3.078,81,81,0
20260829_162912,front_50_head_lv1_high_new_001,front,head wind,Level1,50,high,85,2,drone_5,192.168.0.104,B12,5,front_5,6,3,front_continuous_pad_feedback_positive_y_250cm,2026-08-29T16:29:35.115,22.7,3.078,79,79,0
20260829_162912,front_50_head_lv1_high_new_001,front,head wind,Level1,50,high,85,2,drone_1,192.168.0.100,B11,1,front_1,2,7,front_continuous_pad_feedback_positive_y_250cm,2026-08-29T16:29:35.223,22.809,3.187,81,81,0
20260829_162912,front_50_head_lv1_high_new_001,front,head wind,Level1,50,high,85,2,drone_2,192.168.0.101,B10,2,front_2,3,8,front_continuous_pad_feedback_positive_y_250cm,2026-08-29T16:29:35.223,22.809,3.187,77,77,0
20260829_162912,front_50_head_lv1_high_new_001,front,head wind,Level1,50,high,85,2,drone_3,192.168.0.102,B13,3,front_3,4,1,front_continuous_pad_feedback_positive_y_250cm,2026-08-29T16:29:35.223,22.809,3.187,80,80,0
20260829_162912,front_50_head_lv1_high_new_001,front,head wind,Level1,50,high,85,2,drone_4,192.168.0.103,B14,4,front_4,5,2,front_continuous_pad_feedback_positive_y_250cm,2026-08-29T16:29:35.223,22.809,3.187,81,81,0
20260829_162912,front_50_head_lv1_high_new_001,front,head wind,Level1,50,high,85,2,drone_5,192.168.0.104,B12,5,front_5,6,3,front_continuous_pad_feedback_positive_y_250cm,2026-08-29T16:29:35.223,22.809,3.187,79,79,0
20260829_162912,front_50_head_lv1_high_new_001,front,head wind,Level1,50,high,85,2,drone_1,192.168.0.100,B11,1,front_1,2,7,front_continuous_pad_feedback_positive_y_250cm,2026-08-29T16:29:35.326,22.911,3.289,81,81,0
20260829_162912,front_50_head_lv1_high_new_001,front,head wind,Level1,50,high,85,2,drone_2,192.168.0.101,B10,2,front_2,3,8,front_continuous_pad_feedback_positive_y_250cm,2026-08-29T16:29:35.326,22.911,3.289,77,77,0
20260829_162912,front_50_head_lv1_high_new_001,front,head wind,Level1,50,high,85,2,drone_3,192.168.0.102,B13,3,front_3,4,1,front_continuous_pad_feedback_positive_y_250cm,2026-08-29T16:29:35.326,22.911,3.289,80,80,0
20260829_162912,front_50_head_lv1_high_new_001,front,head wind,Level1,50,high,85,2,drone_4,192.168.0.103,B14,4,front_4,5,2,front_continuous_pad_feedback_positive_y_250cm,2026-08-29T16:29:35.326,22.911,3.289,81,81,0
20260829_162912,front_50_head_lv1_high_new_001,front,head wind,Level1,50,high,85,2,drone_5,192.168.0.104,B12,5,front_5,6,3,front_continuous_pad_feedback_positive_y_250cm,2026-08-29T16:29:35.326,22.911,3.289,79,79,0
20260829_162912,front_50_head_lv1_high_new_001,front,head wind,Level1,50,high,85,2,drone_1,192.168.0.100,B11,1,front_1,2,7,front_continuous_pad_feedback_positive_y_250cm,2026-08-29T16:29:35.434,23.02,3.398,81,81,0
20260829_162912,front_50_head_lv1_high_new_001,front,head wind,Level1,50,high,85,2,drone_2,192.168.0.101,B10,2,front_2,3,8,front_continuous_pad_feedback_positive_y_250cm,2026-08-29T16:29:35.434,23.02,3.398,77,77,0
20260829_162912,front_50_head_lv1_high_new_001,front,head wind,Level1,50,high,85,2,drone_3,192.168.0.102,B13,3,front_3,4,1,front_continuous_pad_feedback_positive_y_250cm,2026-08-29T16:29:35.434,23.02,3.398,80,80,0
20260829_162912,front_50_head_lv1_high_new_001,front,head wind,Level1,50,high,85,2,drone_4,192.168.0.103,B14,4,front_4,5,2,front_continuous_pad_feedback_positive_y_250cm,2026-08-29T16:29:35.434,23.02,3.398,81,81,0
20260829_162912,front_50_head_lv1_high_new_001,front,head wind,Level1,50,high,85,2,drone_5,192.168.0.104,B12,5,front_5,6,3,front_continuous_pad_feedback_positive_y_250cm,2026-08-29T16:29:35.434,23.02,3.398,79,79,0
20260829_162912,front_50_head_lv1_high_new_001,front,head wind,Level1,50,high,85,2,drone_1,192.168.0.100,B11,1,front_1,2,7,front_continuous_pad_feedback_positive_y_250cm,2026-08-29T16:29:35.538,23.123,3.502,81,81,0
20260829_162912,front_50_head_lv1_high_new_001,front,head wind,Level1,50,high,85,2,drone_2,192.168.0.101,B10,2,front_2,3,8,front_continuous_pad_feedback_positive_y_250cm,2026-08-29T16:29:35.538,23.123,3.502,77,77,0
20260829_162912,front_50_head_lv1_high_new_001,front,head wind,Level1,50,high,85,2,drone_3,192.168.0.102,B13,3,front_3,4,1,front_continuous_pad_feedback_positive_y_250cm,2026-08-29T16:29:35.538,23.123,3.502,80,80,0
20260829_162912,front_50_head_lv1_high_new_001,front,head wind,Level1,50,high,85,2,drone_4,192.168.0.103,B14,4,front_4,5,2,front_continuous_pad_feedback_positive_y_250cm,2026-08-29T16:29:35.538,23.123,3.502,81,81,0
20260829_162912,front_50_head_lv1_high_new_001,front,head wind,Level1,50,high,85,2,drone_5,192.168.0.104,B12,5,front_5,6,3,front_continuous_pad_feedback_positive_y_250cm,2026-08-29T16:29:35.538,23.123,3.502,79,79,0
20260829_162912,front_50_head_lv1_high_new_001,front,head wind,Level1,50,high,85,2,drone_1,192.168.0.100,B11,1,front_1,2,7,front_continuous_pad_feedback_positive_y_250cm,2026-08-29T16:29:35.644,23.229,3.608,81,81,0
20260829_162912,front_50_head_lv1_high_new_001,front,head wind,Level1,50,high,85,2,drone_2,192.168.0.101,B10,2,front_2,3,8,front_continuous_pad_feedback_positive_y_250cm,2026-08-29T16:29:35.644,23.229,3.608,77,77,0
20260829_162912,front_50_head_lv1_high_new_001,front,head wind,Level1,50,high,85,2,drone_3,192.168.0.102,B13,3,front_3,4,1,front_continuous_pad_feedback_positive_y_250cm,2026-08-29T16:29:35.644,23.229,3.608,80,80,0
20260829_162912,front_50_head_lv1_high_new_001,front,head wind,Level1,50,high,85,2,drone_4,192.168.0.103,B14,4,front_4,5,2,front_continuous_pad_feedback_positive_y_250cm,2026-08-29T16:29:35.644,23.229,3.608,81,81,0
20260829_162912,front_50_head_lv1_high_new_001,front,head wind,Level1,50,high,85,2,drone_5,192.168.0.104,B12,5,front_5,6,3,front_continuous_pad_feedback_positive_y_250cm,2026-08-29T16:29:35.644,23.229,3.608,79,79,0
20260829_162912,front_50_head_lv1_high_new_001,front,head wind,Level1,50,high,85,2,drone_1,192.168.0.100,B11,1,front_1,2,7,front_continuous_pad_feedback_positive_y_250cm,2026-08-29T16:29:35.750,23.336,3.714,81,81,0
20260829_162912,front_50_head_lv1_high_new_001,front,head wind,Level1,50,high,85,2,drone_2,192.168.0.101,B10,2,front_2,3,8,front_continuous_pad_feedback_positive_y_250cm,2026-08-29T16:29:35.750,23.336,3.714,77,77,0
20260829_162912,front_50_head_lv1_high_new_001,front,head wind,Level1,50,high,85,2,drone_3,192.168.0.102,B13,3,front_3,4,1,front_continuous_pad_feedback_positive_y_250cm,2026-08-29T16:29:35.750,23.336,3.714,80,80,0
20260829_162912,front_50_head_lv1_high_new_001,front,head wind,Level1,50,high,85,2,drone_4,192.168.0.103,B14,4,front_4,5,2,front_continuous_pad_feedback_positive_y_250cm,2026-08-29T16:29:35.750,23.336,3.714,81,81,0
20260829_162912,front_50_head_lv1_high_new_001,front,head wind,Level1,50,high,85,2,drone_5,192.168.0.104,B12,5,front_5,6,3,front_continuous_pad_feedback_positive_y_250cm,2026-08-29T16:29:35.750,23.336,3.714,79,79,0
20260829_162912,front_50_head_lv1_high_new_001,front,head wind,Level1,50,high,85,2,drone_1,192.168.0.100,B11,1,front_1,2,7,front_continuous_pad_feedback_positive_y_250cm,2026-08-29T16:29:35.855,23.44,3.819,81,81,0
20260829_162912,front_50_head_lv1_high_new_001,front,head wind,Level1,50,high,85,2,drone_2,192.168.0.101,B10,2,front_2,3,8,front_continuous_pad_feedback_positive_y_250cm,2026-08-29T16:29:35.855,23.44,3.819,77,77,0
20260829_162912,front_50_head_lv1_high_new_001,front,head wind,Level1,50,high,85,2,drone_3,192.168.0.102,B13,3,front_3,4,1,front_continuous_pad_feedback_positive_y_250cm,2026-08-29T16:29:35.855,23.44,3.819,80,80,0
20260829_162912,front_50_head_lv1_high_new_001,front,head wind,Level1,50,high,85,2,drone_4,192.168.0.103,B14,4,front_4,5,2,front_continuous_pad_feedback_positive_y_250cm,2026-08-29T16:29:35.855,23.44,3.819,81,81,0
20260829_162912,front_50_head_lv1_high_new_001,front,head wind,Level1,50,high,85,2,drone_5,192.168.0.104,B12,5,front_5,6,3,front_continuous_pad_feedback_positive_y_250cm,2026-08-29T16:29:35.855,23.44,3.819,79,79,0
20260829_162912,front_50_head_lv1_high_new_001,front,head wind,Level1,50,high,85,2,drone_1,192.168.0.100,B11,1,front_1,2,7,front_continuous_pad_feedback_positive_y_250cm,2026-08-29T16:29:35.961,23.547,3.925,81,81,0
20260829_162912,front_50_head_lv1_high_new_001,front,head wind,Level1,50,high,85,2,drone_2,192.168.0.101,B10,2,front_2,3,8,front_continuous_pad_feedback_positive_y_250cm,2026-08-29T16:29:35.961,23.547,3.925,77,77,0
20260829_162912,front_50_head_lv1_high_new_001,front,head wind,Level1,50,high,85,2,drone_3,192.168.0.102,B13,3,front_3,4,1,front_continuous_pad_feedback_positive_y_250cm,2026-08-29T16:29:35.961,23.547,3.925,80,80,0
20260829_162912,front_50_head_lv1_high_new_001,front,head wind,Level1,50,high,85,2,drone_4,192.168.0.103,B14,4,front_4,5,2,front_continuous_pad_feedback_positive_y_250cm,2026-08-29T16:29:35.961,23.547,3.925,81,81,0
20260829_162912,front_50_head_lv1_high_new_001,front,head wind,Level1,50,high,85,2,drone_5,192.168.0.104,B12,5,front_5,6,3,front_continuous_pad_feedback_positive_y_250cm,2026-08-29T16:29:35.961,23.547,3.925,79,79,0
20260829_162912,front_50_head_lv1_high_new_001,front,head wind,Level1,50,high,85,2,drone_1,192.168.0.100,B11,1,front_1,2,7,front_continuous_pad_feedback_positive_y_250cm,2026-08-29T16:29:36.065,23.65,4.029,81,81,0
20260829_162912,front_50_head_lv1_high_new_001,front,head wind,Level1,50,high,85,2,drone_2,192.168.0.101,B10,2,front_2,3,8,front_continuous_pad_feedback_positive_y_250cm,2026-08-29T16:29:36.065,23.65,4.029,77,77,0
20260829_162912,front_50_head_lv1_high_new_001,front,head wind,Level1,50,high,85,2,drone_3,192.168.0.102,B13,3,front_3,4,1,front_continuous_pad_feedback_positive_y_250cm,2026-08-29T16:29:36.065,23.65,4.029,80,80,0
20260829_162912,front_50_head_lv1_high_new_001,front,head wind,Level1,50,high,85,2,drone_4,192.168.0.103,B14,4,front_4,5,2,front_continuous_pad_feedback_positive_y_250cm,2026-08-29T16:29:36.065,23.65,4.029,81,81,0
20260829_162912,front_50_head_lv1_high_new_001,front,head wind,Level1,50,high,85,2,drone_5,192.168.0.104,B12,5,front_5,6,3,front_continuous_pad_feedback_positive_y_250cm,2026-08-29T16:29:36.065,23.65,4.029,79,79,0
20260829_162912,front_50_head_lv1_high_new_001,front,head wind,Level1,50,high,85,2,drone_1,192.168.0.100,B11,1,front_1,2,7,front_continuous_pad_feedback_positive_y_250cm,2026-08-29T16:29:36.173,23.758,4.136,81,81,0
20260829_162912,front_50_head_lv1_high_new_001,front,head wind,Level1,50,high,85,2,drone_2,192.168.0.101,B10,2,front_2,3,8,front_continuous_pad_feedback_positive_y_250cm,2026-08-29T16:29:36.173,23.758,4.136,77,77,0
20260829_162912,front_50_head_lv1_high_new_001,front,head wind,Level1,50,high,85,2,drone_3,192.168.0.102,B13,3,front_3,4,1,front_continuous_pad_feedback_positive_y_250cm,2026-08-29T16:29:36.173,23.758,4.136,80,80,0
20260829_162912,front_50_head_lv1_high_new_001,front,head wind,Level1,50,high,85,2,drone_4,192.168.0.103,B14,4,front_4,5,2,front_continuous_pad_feedback_positive_y_250cm,2026-08-29T16:29:36.173,23.758,4.136,81,81,0
20260829_162912,front_50_head_lv1_high_new_001,front,head wind,Level1,50,high,85,2,drone_5,192.168.0.104,B12,5,front_5,6,3,front_continuous_pad_feedback_positive_y_250cm,2026-08-29T16:29:36.173,23.758,4.136,79,79,0
20260829_162912,front_50_head_lv1_high_new_001,front,head wind,Level1,50,high,85,2,drone_1,192.168.0.100,B11,1,front_1,2,7,front_continuous_pad_feedback_positive_y_250cm,2026-08-29T16:29:36.280,23.865,4.244,81,81,0
20260829_162912,front_50_head_lv1_high_new_001,front,head wind,Level1,50,high,85,2,drone_2,192.168.0.101,B10,2,front_2,3,8,front_continuous_pad_feedback_positive_y_250cm,2026-08-29T16:29:36.280,23.865,4.244,77,77,0
20260829_162912,front_50_head_lv1_high_new_001,front,head wind,Level1,50,high,85,2,drone_3,192.168.0.102,B13,3,front_3,4,1,front_continuous_pad_feedback_positive_y_250cm,2026-08-29T16:29:36.280,23.865,4.244,80,80,0
20260829_162912,front_50_head_lv1_high_new_001,front,head wind,Level1,50,high,85,2,drone_4,192.168.0.103,B14,4,front_4,5,2,front_continuous_pad_feedback_positive_y_250cm,2026-08-29T16:29:36.280,23.865,4.244,81,81,0
20260829_162912,front_50_head_lv1_high_new_001,front,head wind,Level1,50,high,85,2,drone_5,192.168.0.104,B12,5,front_5,6,3,front_continuous_pad_feedback_positive_y_250cm,2026-08-29T16:29:36.280,23.865,4.244,79,79,0
20260829_162912,front_50_head_lv1_high_new_001,front,head wind,Level1,50,high,85,2,drone_1,192.168.0.100,B11,1,front_1,2,7,front_continuous_pad_feedback_positive_y_250cm,2026-08-29T16:29:36.382,23.968,4.346,81,81,0
20260829_162912,front_50_head_lv1_high_new_001,front,head wind,Level1,50,high,85,2,drone_2,192.168.0.101,B10,2,front_2,3,8,front_continuous_pad_feedback_positive_y_250cm,2026-08-29T16:29:36.382,23.968,4.346,77,77,0
20260829_162912,front_50_head_lv1_high_new_001,front,head wind,Level1,50,high,85,2,drone_3,192.168.0.102,B13,3,front_3,4,1,front_continuous_pad_feedback_positive_y_250cm,2026-08-29T16:29:36.382,23.968,4.346,80,80,0
20260829_162912,front_50_head_lv1_high_new_001,front,head wind,Level1,50,high,85,2,drone_4,192.168.0.103,B14,4,front_4,5,2,front_continuous_pad_feedback_positive_y_250cm,2026-08-29T16:29:36.382,23.968,4.346,81,81,0
20260829_162912,front_50_head_lv1_high_new_001,front,head wind,Level1,50,high,85,2,drone_5,192.168.0.104,B12,5,front_5,6,3,front_continuous_pad_feedback_positive_y_250cm,2026-08-29T16:29:36.382,23.968,4.346,79,79,0
20260829_162912,front_50_head_lv1_high_new_001,front,head wind,Level1,50,high,85,2,drone_1,192.168.0.100,B11,1,front_1,2,7,front_continuous_pad_feedback_positive_y_250cm,2026-08-29T16:29:36.488,24.074,4.452,81,81,0
20260829_162912,front_50_head_lv1_high_new_001,front,head wind,Level1,50,high,85,2,drone_2,192.168.0.101,B10,2,front_2,3,8,front_continuous_pad_feedback_positive_y_250cm,2026-08-29T16:29:36.488,24.074,4.452,77,77,0
20260829_162912,front_50_head_lv1_high_new_001,front,head wind,Level1,50,high,85,2,drone_3,192.168.0.102,B13,3,front_3,4,1,front_continuous_pad_feedback_positive_y_250cm,2026-08-29T16:29:36.488,24.074,4.452,80,80,0
20260829_162912,front_50_head_lv1_high_new_001,front,head wind,Level1,50,high,85,2,drone_4,192.168.0.103,B14,4,front_4,5,2,front_continuous_pad_feedback_positive_y_250cm,2026-08-29T16:29:36.488,24.074,4.452,81,81,0
20260829_162912,front_50_head_lv1_high_new_001,front,head wind,Level1,50,high,85,2,drone_5,192.168.0.104,B12,5,front_5,6,3,front_continuous_pad_feedback_positive_y_250cm,2026-08-29T16:29:36.488,24.074,4.452,79,79,0
20260829_162912,front_50_head_lv1_high_new_001,front,head wind,Level1,50,high,85,2,drone_1,192.168.0.100,B11,1,front_1,2,7,front_continuous_pad_feedback_positive_y_250cm,2026-08-29T16:29:36.593,24.179,4.557,81,81,0
20260829_162912,front_50_head_lv1_high_new_001,front,head wind,Level1,50,high,85,2,drone_2,192.168.0.101,B10,2,front_2,3,8,front_continuous_pad_feedback_positive_y_250cm,2026-08-29T16:29:36.593,24.179,4.557,77,77,0
20260829_162912,front_50_head_lv1_high_new_001,front,head wind,Level1,50,high,85,2,drone_3,192.168.0.102,B13,3,front_3,4,1,front_continuous_pad_feedback_positive_y_250cm,2026-08-29T16:29:36.593,24.179,4.557,80,80,0
20260829_162912,front_50_head_lv1_high_new_001,front,head wind,Level1,50,high,85,2,drone_4,192.168.0.103,B14,4,front_4,5,2,front_continuous_pad_feedback_positive_y_250cm,2026-08-29T16:29:36.593,24.179,4.557,81,81,0
20260829_162912,front_50_head_lv1_high_new_001,front,head wind,Level1,50,high,85,2,drone_5,192.168.0.104,B12,5,front_5,6,3,front_continuous_pad_feedback_positive_y_250cm,2026-08-29T16:29:36.593,24.179,4.557,79,79,0
20260829_162912,front_50_head_lv1_high_new_001,front,head wind,Level1,50,high,85,2,drone_1,192.168.0.100,B11,1,front_1,2,7,front_continuous_pad_feedback_positive_y_250cm,2026-08-29T16:29:36.701,24.286,4.664,81,81,0
20260829_162912,front_50_head_lv1_high_new_001,front,head wind,Level1,50,high,85,2,drone_2,192.168.0.101,B10,2,front_2,3,8,front_continuous_pad_feedback_positive_y_250cm,2026-08-29T16:29:36.701,24.286,4.664,77,77,0
20260829_162912,front_50_head_lv1_high_new_001,front,head wind,Level1,50,high,85,2,drone_3,192.168.0.102,B13,3,front_3,4,1,front_continuous_pad_feedback_positive_y_250cm,2026-08-29T16:29:36.701,24.286,4.664,80,80,0
20260829_162912,front_50_head_lv1_high_new_001,front,head wind,Level1,50,high,85,2,drone_4,192.168.0.103,B14,4,front_4,5,2,front_continuous_pad_feedback_positive_y_250cm,2026-08-29T16:29:36.701,24.286,4.664,81,81,0
20260829_162912,front_50_head_lv1_high_new_001,front,head wind,Level1,50,high,85,2,drone_5,192.168.0.104,B12,5,front_5,6,3,front_continuous_pad_feedback_positive_y_250cm,2026-08-29T16:29:36.701,24.286,4.664,79,79,0
20260829_162912,front_50_head_lv1_high_new_001,front,head wind,Level1,50,high,85,2,drone_1,192.168.0.100,B11,1,front_1,2,7,front_continuous_pad_feedback_positive_y_250cm,2026-08-29T16:29:36.809,24.395,4.773,81,81,0
20260829_162912,front_50_head_lv1_high_new_001,front,head wind,Level1,50,high,85,2,drone_2,192.168.0.101,B10,2,front_2,3,8,front_continuous_pad_feedback_positive_y_250cm,2026-08-29T16:29:36.809,24.395,4.773,77,77,0
20260829_162912,front_50_head_lv1_high_new_001,front,head wind,Level1,50,high,85,2,drone_3,192.168.0.102,B13,3,front_3,4,1,front_continuous_pad_feedback_positive_y_250cm,2026-08-29T16:29:36.809,24.395,4.773,80,80,0
20260829_162912,front_50_head_lv1_high_new_001,front,head wind,Level1,50,high,85,2,drone_4,192.168.0.103,B14,4,front_4,5,2,front_continuous_pad_feedback_positive_y_250cm,2026-08-29T16:29:36.809,24.395,4.773,81,81,0
20260829_162912,front_50_head_lv1_high_new_001,front,head wind,Level1,50,high,85,2,drone_5,192.168.0.104,B12,5,front_5,6,3,front_continuous_pad_feedback_positive_y_250cm,2026-08-29T16:29:36.809,24.395,4.773,79,79,0
20260829_162912,front_50_head_lv1_high_new_001,front,head wind,Level1,50,high,85,2,drone_1,192.168.0.100,B11,1,front_1,2,7,front_continuous_pad_feedback_positive_y_250cm,2026-08-29T16:29:36.915,24.5,4.878,81,81,0
20260829_162912,front_50_head_lv1_high_new_001,front,head wind,Level1,50,high,85,2,drone_2,192.168.0.101,B10,2,front_2,3,8,front_continuous_pad_feedback_positive_y_250cm,2026-08-29T16:29:36.915,24.5,4.878,77,77,0
20260829_162912,front_50_head_lv1_high_new_001,front,head wind,Level1,50,high,85,2,drone_3,192.168.0.102,B13,3,front_3,4,1,front_continuous_pad_feedback_positive_y_250cm,2026-08-29T16:29:36.915,24.5,4.878,80,80,0
20260829_162912,front_50_head_lv1_high_new_001,front,head wind,Level1,50,high,85,2,drone_4,192.168.0.103,B14,4,front_4,5,2,front_continuous_pad_feedback_positive_y_250cm,2026-08-29T16:29:36.915,24.5,4.878,81,81,0
20260829_162912,front_50_head_lv1_high_new_001,front,head wind,Level1,50,high,85,2,drone_5,192.168.0.104,B12,5,front_5,6,3,front_continuous_pad_feedback_positive_y_250cm,2026-08-29T16:29:36.915,24.5,4.878,79,79,0
20260829_162912,front_50_head_lv1_high_new_001,front,head wind,Level1,50,high,85,2,drone_1,192.168.0.100,B11,1,front_1,2,7,front_continuous_pad_feedback_positive_y_250cm,2026-08-29T16:29:37.020,24.605,4.983,81,81,0
20260829_162912,front_50_head_lv1_high_new_001,front,head wind,Level1,50,high,85,2,drone_2,192.168.0.101,B10,2,front_2,3,8,front_continuous_pad_feedback_positive_y_250cm,2026-08-29T16:29:37.020,24.605,4.983,77,77,0
20260829_162912,front_50_head_lv1_high_new_001,front,head wind,Level1,50,high,85,2,drone_3,192.168.0.102,B13,3,front_3,4,1,front_continuous_pad_feedback_positive_y_250cm,2026-08-29T16:29:37.020,24.605,4.983,80,80,0
20260829_162912,front_50_head_lv1_high_new_001,front,head wind,Level1,50,high,85,2,drone_4,192.168.0.103,B14,4,front_4,5,2,front_continuous_pad_feedback_positive_y_250cm,2026-08-29T16:29:37.020,24.605,4.983,81,81,0
20260829_162912,front_50_head_lv1_high_new_001,front,head wind,Level1,50,high,85,2,drone_5,192.168.0.104,B12,5,front_5,6,3,front_continuous_pad_feedback_positive_y_250cm,2026-08-29T16:29:37.020,24.605,4.983,79,79,0
20260829_162912,front_50_head_lv1_high_new_001,front,head wind,Level1,50,high,85,2,drone_1,192.168.0.100,B11,1,front_1,2,7,front_continuous_pad_feedback_positive_y_250cm,2026-08-29T16:29:37.128,24.713,5.091,81,81,0
20260829_162912,front_50_head_lv1_high_new_001,front,head wind,Level1,50,high,85,2,drone_2,192.168.0.101,B10,2,front_2,3,8,front_continuous_pad_feedback_positive_y_250cm,2026-08-29T16:29:37.128,24.713,5.091,77,77,0
20260829_162912,front_50_head_lv1_high_new_001,front,head wind,Level1,50,high,85,2,drone_3,192.168.0.102,B13,3,front_3,4,1,front_continuous_pad_feedback_positive_y_250cm,2026-08-29T16:29:37.128,24.713,5.091,80,80,0
20260829_162912,front_50_head_lv1_high_new_001,front,head wind,Level1,50,high,85,2,drone_4,192.168.0.103,B14,4,front_4,5,2,front_continuous_pad_feedback_positive_y_250cm,2026-08-29T16:29:37.128,24.713,5.091,81,81,0
20260829_162912,front_50_head_lv1_high_new_001,front,head wind,Level1,50,high,85,2,drone_5,192.168.0.104,B12,5,front_5,6,3,front_continuous_pad_feedback_positive_y_250cm,2026-08-29T16:29:37.128,24.713,5.091,79,79,0
20260829_162912,front_50_head_lv1_high_new_001,front,head wind,Level1,50,high,85,2,drone_1,192.168.0.100,B11,1,front_1,2,7,front_continuous_pad_feedback_positive_y_250cm,2026-08-29T16:29:37.236,24.822,5.2,81,81,0
20260829_162912,front_50_head_lv1_high_new_001,front,head wind,Level1,50,high,85,2,drone_2,192.168.0.101,B10,2,front_2,3,8,front_continuous_pad_feedback_positive_y_250cm,2026-08-29T16:29:37.236,24.822,5.2,77,77,0
20260829_162912,front_50_head_lv1_high_new_001,front,head wind,Level1,50,high,85,2,drone_3,192.168.0.102,B13,3,front_3,4,1,front_continuous_pad_feedback_positive_y_250cm,2026-08-29T16:29:37.236,24.822,5.2,80,80,0
20260829_162912,front_50_head_lv1_high_new_001,front,head wind,Level1,50,high,85,2,drone_4,192.168.0.103,B14,4,front_4,5,2,front_continuous_pad_feedback_positive_y_250cm,2026-08-29T16:29:37.236,24.822,5.2,81,81,0
20260829_162912,front_50_head_lv1_high_new_001,front,head wind,Level1,50,high,85,2,drone_5,192.168.0.104,B12,5,front_5,6,3,front_continuous_pad_feedback_positive_y_250cm,2026-08-29T16:29:37.236,24.822,5.2,79,79,0
20260829_162912,front_50_head_lv1_high_new_001,front,head wind,Level1,50,high,85,2,drone_1,192.168.0.100,B11,1,front_1,2,7,front_continuous_pad_feedback_positive_y_250cm,2026-08-29T16:29:37.345,24.931,5.309,81,81,0
20260829_162912,front_50_head_lv1_high_new_001,front,head wind,Level1,50,high,85,2,drone_2,192.168.0.101,B10,2,front_2,3,8,front_continuous_pad_feedback_positive_y_250cm,2026-08-29T16:29:37.345,24.931,5.309,77,77,0
20260829_162912,front_50_head_lv1_high_new_001,front,head wind,Level1,50,high,85,2,drone_3,192.168.0.102,B13,3,front_3,4,1,front_continuous_pad_feedback_positive_y_250cm,2026-08-29T16:29:37.345,24.931,5.309,80,80,0
20260829_162912,front_50_head_lv1_high_new_001,front,head wind,Level1,50,high,85,2,drone_4,192.168.0.103,B14,4,front_4,5,2,front_continuous_pad_feedback_positive_y_250cm,2026-08-29T16:29:37.345,24.931,5.309,81,81,0
20260829_162912,front_50_head_lv1_high_new_001,front,head wind,Level1,50,high,85,2,drone_5,192.168.0.104,B12,5,front_5,6,3,front_continuous_pad_feedback_positive_y_250cm,2026-08-29T16:29:37.345,24.931,5.309,79,79,0
20260829_162912,front_50_head_lv1_high_new_001,front,head wind,Level1,50,high,85,2,drone_1,192.168.0.100,B11,1,front_1,2,7,front_continuous_pad_feedback_positive_y_250cm,2026-08-29T16:29:37.453,25.038,5.416,81,81,0
20260829_162912,front_50_head_lv1_high_new_001,front,head wind,Level1,50,high,85,2,drone_2,192.168.0.101,B10,2,front_2,3,8,front_continuous_pad_feedback_positive_y_250cm,2026-08-29T16:29:37.453,25.038,5.416,77,77,0
20260829_162912,front_50_head_lv1_high_new_001,front,head wind,Level1,50,high,85,2,drone_3,192.168.0.102,B13,3,front_3,4,1,front_continuous_pad_feedback_positive_y_250cm,2026-08-29T16:29:37.453,25.038,5.416,80,80,0
20260829_162912,front_50_head_lv1_high_new_001,front,head wind,Level1,50,high,85,2,drone_4,192.168.0.103,B14,4,front_4,5,2,front_continuous_pad_feedback_positive_y_250cm,2026-08-29T16:29:37.453,25.038,5.416,81,81,0
20260829_162912,front_50_head_lv1_high_new_001,front,head wind,Level1,50,high,85,2,drone_5,192.168.0.104,B12,5,front_5,6,3,front_continuous_pad_feedback_positive_y_250cm,2026-08-29T16:29:37.453,25.038,5.416,79,79,0
20260829_162912,front_50_head_lv1_high_new_001,front,head wind,Level1,50,high,85,2,drone_1,192.168.0.100,B11,1,front_1,2,7,front_continuous_pad_feedback_positive_y_250cm,2026-08-29T16:29:37.559,25.144,5.522,81,81,0
20260829_162912,front_50_head_lv1_high_new_001,front,head wind,Level1,50,high,85,2,drone_2,192.168.0.101,B10,2,front_2,3,8,front_continuous_pad_feedback_positive_y_250cm,2026-08-29T16:29:37.559,25.144,5.522,77,77,0
20260829_162912,front_50_head_lv1_high_new_001,front,head wind,Level1,50,high,85,2,drone_3,192.168.0.102,B13,3,front_3,4,1,front_continuous_pad_feedback_positive_y_250cm,2026-08-29T16:29:37.559,25.144,5.522,80,80,0
20260829_162912,front_50_head_lv1_high_new_001,front,head wind,Level1,50,high,85,2,drone_4,192.168.0.103,B14,4,front_4,5,2,front_continuous_pad_feedback_positive_y_250cm,2026-08-29T16:29:37.559,25.144,5.522,81,81,0
20260829_162912,front_50_head_lv1_high_new_001,front,head wind,Level1,50,high,85,2,drone_5,192.168.0.104,B12,5,front_5,6,3,front_continuous_pad_feedback_positive_y_250cm,2026-08-29T16:29:37.559,25.144,5.522,79,79,0
20260829_162912,front_50_head_lv1_high_new_001,front,head wind,Level1,50,high,85,2,drone_1,192.168.0.100,B11,1,front_1,2,7,front_continuous_pad_feedback_positive_y_250cm,2026-08-29T16:29:37.664,25.25,5.628,81,81,0
20260829_162912,front_50_head_lv1_high_new_001,front,head wind,Level1,50,high,85,2,drone_2,192.168.0.101,B10,2,front_2,3,8,front_continuous_pad_feedback_positive_y_250cm,2026-08-29T16:29:37.664,25.25,5.628,77,77,0
20260829_162912,front_50_head_lv1_high_new_001,front,head wind,Level1,50,high,85,2,drone_3,192.168.0.102,B13,3,front_3,4,1,front_continuous_pad_feedback_positive_y_250cm,2026-08-29T16:29:37.664,25.25,5.628,80,80,0
20260829_162912,front_50_head_lv1_high_new_001,front,head wind,Level1,50,high,85,2,drone_4,192.168.0.103,B14,4,front_4,5,2,front_continuous_pad_feedback_positive_y_250cm,2026-08-29T16:29:37.664,25.25,5.628,81,81,0
20260829_162912,front_50_head_lv1_high_new_001,front,head wind,Level1,50,high,85,2,drone_5,192.168.0.104,B12,5,front_5,6,3,front_continuous_pad_feedback_positive_y_250cm,2026-08-29T16:29:37.664,25.25,5.628,79,79,0
20260829_162912,front_50_head_lv1_high_new_001,front,head wind,Level1,50,high,85,2,drone_1,192.168.0.100,B11,1,front_1,2,7,front_continuous_pad_feedback_positive_y_250cm,2026-08-29T16:29:37.771,25.356,5.734,81,81,0
20260829_162912,front_50_head_lv1_high_new_001,front,head wind,Level1,50,high,85,2,drone_2,192.168.0.101,B10,2,front_2,3,8,front_continuous_pad_feedback_positive_y_250cm,2026-08-29T16:29:37.771,25.356,5.734,77,77,0
20260829_162912,front_50_head_lv1_high_new_001,front,head wind,Level1,50,high,85,2,drone_3,192.168.0.102,B13,3,front_3,4,1,front_continuous_pad_feedback_positive_y_250cm,2026-08-29T16:29:37.771,25.356,5.734,80,80,0
20260829_162912,front_50_head_lv1_high_new_001,front,head wind,Level1,50,high,85,2,drone_4,192.168.0.103,B14,4,front_4,5,2,front_continuous_pad_feedback_positive_y_250cm,2026-08-29T16:29:37.771,25.356,5.734,81,81,0
20260829_162912,front_50_head_lv1_high_new_001,front,head wind,Level1,50,high,85,2,drone_5,192.168.0.104,B12,5,front_5,6,3,front_continuous_pad_feedback_positive_y_250cm,2026-08-29T16:29:37.771,25.356,5.734,79,79,0
20260829_162912,front_50_head_lv1_high_new_001,front,head wind,Level1,50,high,85,2,drone_1,192.168.0.100,B11,1,front_1,2,7,front_continuous_pad_feedback_positive_y_250cm,2026-08-29T16:29:37.878,25.464,5.842,81,81,0
20260829_162912,front_50_head_lv1_high_new_001,front,head wind,Level1,50,high,85,2,drone_2,192.168.0.101,B10,2,front_2,3,8,front_continuous_pad_feedback_positive_y_250cm,2026-08-29T16:29:37.878,25.464,5.842,77,77,0
20260829_162912,front_50_head_lv1_high_new_001,front,head wind,Level1,50,high,85,2,drone_3,192.168.0.102,B13,3,front_3,4,1,front_continuous_pad_feedback_positive_y_250cm,2026-08-29T16:29:37.878,25.464,5.842,79,80,1
20260829_162912,front_50_head_lv1_high_new_001,front,head wind,Level1,50,high,85,2,drone_4,192.168.0.103,B14,4,front_4,5,2,front_continuous_pad_feedback_positive_y_250cm,2026-08-29T16:29:37.878,25.464,5.842,81,81,0
20260829_162912,front_50_head_lv1_high_new_001,front,head wind,Level1,50,high,85,2,drone_5,192.168.0.104,B12,5,front_5,6,3,front_continuous_pad_feedback_positive_y_250cm,2026-08-29T16:29:37.878,25.464,5.842,79,79,0
20260829_162912,front_50_head_lv1_high_new_001,front,head wind,Level1,50,high,85,2,drone_1,192.168.0.100,B11,1,front_1,2,7,front_continuous_pad_feedback_positive_y_250cm,2026-08-29T16:29:37.984,25.57,5.948,81,81,0
20260829_162912,front_50_head_lv1_high_new_001,front,head wind,Level1,50,high,85,2,drone_2,192.168.0.101,B10,2,front_2,3,8,front_continuous_pad_feedback_positive_y_250cm,2026-08-29T16:29:37.984,25.57,5.948,77,77,0
20260829_162912,front_50_head_lv1_high_new_001,front,head wind,Level1,50,high,85,2,drone_3,192.168.0.102,B13,3,front_3,4,1,front_continuous_pad_feedback_positive_y_250cm,2026-08-29T16:29:37.984,25.57,5.948,79,80,1
20260829_162912,front_50_head_lv1_high_new_001,front,head wind,Level1,50,high,85,2,drone_4,192.168.0.103,B14,4,front_4,5,2,front_continuous_pad_feedback_positive_y_250cm,2026-08-29T16:29:37.984,25.57,5.948,81,81,0
20260829_162912,front_50_head_lv1_high_new_001,front,head wind,Level1,50,high,85,2,drone_5,192.168.0.104,B12,5,front_5,6,3,front_continuous_pad_feedback_positive_y_250cm,2026-08-29T16:29:37.984,25.57,5.948,79,79,0
20260829_162912,front_50_head_lv1_high_new_001,front,head wind,Level1,50,high,85,2,drone_1,192.168.0.100,B11,1,front_1,2,7,front_continuous_pad_feedback_positive_y_250cm,2026-08-29T16:29:38.088,25.673,6.051,81,81,0
20260829_162912,front_50_head_lv1_high_new_001,front,head wind,Level1,50,high,85,2,drone_2,192.168.0.101,B10,2,front_2,3,8,front_continuous_pad_feedback_positive_y_250cm,2026-08-29T16:29:38.088,25.673,6.051,77,77,0
20260829_162912,front_50_head_lv1_high_new_001,front,head wind,Level1,50,high,85,2,drone_3,192.168.0.102,B13,3,front_3,4,1,front_continuous_pad_feedback_positive_y_250cm,2026-08-29T16:29:38.088,25.673,6.051,79,80,1
20260829_162912,front_50_head_lv1_high_new_001,front,head wind,Level1,50,high,85,2,drone_4,192.168.0.103,B14,4,front_4,5,2,front_continuous_pad_feedback_positive_y_250cm,2026-08-29T16:29:38.088,25.673,6.051,81,81,0
20260829_162912,front_50_head_lv1_high_new_001,front,head wind,Level1,50,high,85,2,drone_5,192.168.0.104,B12,5,front_5,6,3,front_continuous_pad_feedback_positive_y_250cm,2026-08-29T16:29:38.088,25.673,6.051,79,79,0
20260829_162912,front_50_head_lv1_high_new_001,front,head wind,Level1,50,high,85,2,drone_1,192.168.0.100,B11,1,front_1,2,7,front_continuous_pad_feedback_positive_y_250cm,2026-08-29T16:29:38.195,25.78,6.159,81,81,0
20260829_162912,front_50_head_lv1_high_new_001,front,head wind,Level1,50,high,85,2,drone_2,192.168.0.101,B10,2,front_2,3,8,front_continuous_pad_feedback_positive_y_250cm,2026-08-29T16:29:38.195,25.78,6.159,77,77,0
20260829_162912,front_50_head_lv1_high_new_001,front,head wind,Level1,50,high,85,2,drone_3,192.168.0.102,B13,3,front_3,4,1,front_continuous_pad_feedback_positive_y_250cm,2026-08-29T16:29:38.195,25.78,6.159,79,80,1
20260829_162912,front_50_head_lv1_high_new_001,front,head wind,Level1,50,high,85,2,drone_4,192.168.0.103,B14,4,front_4,5,2,front_continuous_pad_feedback_positive_y_250cm,2026-08-29T16:29:38.195,25.78,6.159,81,81,0
20260829_162912,front_50_head_lv1_high_new_001,front,head wind,Level1,50,high,85,2,drone_5,192.168.0.104,B12,5,front_5,6,3,front_continuous_pad_feedback_positive_y_250cm,2026-08-29T16:29:38.195,25.78,6.159,79,79,0
20260829_162912,front_50_head_lv1_high_new_001,front,head wind,Level1,50,high,85,2,drone_1,192.168.0.100,B11,1,front_1,2,7,front_continuous_pad_feedback_positive_y_250cm,2026-08-29T16:29:38.300,25.885,6.263,81,81,0
20260829_162912,front_50_head_lv1_high_new_001,front,head wind,Level1,50,high,85,2,drone_2,192.168.0.101,B10,2,front_2,3,8,front_continuous_pad_feedback_positive_y_250cm,2026-08-29T16:29:38.300,25.885,6.263,77,77,0
20260829_162912,front_50_head_lv1_high_new_001,front,head wind,Level1,50,high,85,2,drone_3,192.168.0.102,B13,3,front_3,4,1,front_continuous_pad_feedback_positive_y_250cm,2026-08-29T16:29:38.300,25.885,6.263,79,80,1
20260829_162912,front_50_head_lv1_high_new_001,front,head wind,Level1,50,high,85,2,drone_4,192.168.0.103,B14,4,front_4,5,2,front_continuous_pad_feedback_positive_y_250cm,2026-08-29T16:29:38.300,25.885,6.263,81,81,0
20260829_162912,front_50_head_lv1_high_new_001,front,head wind,Level1,50,high,85,2,drone_5,192.168.0.104,B12,5,front_5,6,3,front_continuous_pad_feedback_positive_y_250cm,2026-08-29T16:29:38.300,25.885,6.263,79,79,0
20260829_162912,front_50_head_lv1_high_new_001,front,head wind,Level1,50,high,85,2,drone_1,192.168.0.100,B11,1,front_1,2,7,front_continuous_pad_feedback_positive_y_250cm,2026-08-29T16:29:38.408,25.994,6.372,81,81,0
20260829_162912,front_50_head_lv1_high_new_001,front,head wind,Level1,50,high,85,2,drone_2,192.168.0.101,B10,2,front_2,3,8,front_continuous_pad_feedback_positive_y_250cm,2026-08-29T16:29:38.408,25.994,6.372,77,77,0
20260829_162912,front_50_head_lv1_high_new_001,front,head wind,Level1,50,high,85,2,drone_3,192.168.0.102,B13,3,front_3,4,1,front_continuous_pad_feedback_positive_y_250cm,2026-08-29T16:29:38.408,25.994,6.372,79,80,1
20260829_162912,front_50_head_lv1_high_new_001,front,head wind,Level1,50,high,85,2,drone_4,192.168.0.103,B14,4,front_4,5,2,front_continuous_pad_feedback_positive_y_250cm,2026-08-29T16:29:38.408,25.994,6.372,81,81,0
20260829_162912,front_50_head_lv1_high_new_001,front,head wind,Level1,50,high,85,2,drone_5,192.168.0.104,B12,5,front_5,6,3,front_continuous_pad_feedback_positive_y_250cm,2026-08-29T16:29:38.408,25.994,6.372,79,79,0
20260829_162912,front_50_head_lv1_high_new_001,front,head wind,Level1,50,high,85,2,drone_1,192.168.0.100,B11,1,front_1,2,7,front_continuous_pad_feedback_positive_y_250cm,2026-08-29T16:29:38.515,26.101,6.479,81,81,0
20260829_162912,front_50_head_lv1_high_new_001,front,head wind,Level1,50,high,85,2,drone_2,192.168.0.101,B10,2,front_2,3,8,front_continuous_pad_feedback_positive_y_250cm,2026-08-29T16:29:38.515,26.101,6.479,77,77,0
20260829_162912,front_50_head_lv1_high_new_001,front,head wind,Level1,50,high,85,2,drone_3,192.168.0.102,B13,3,front_3,4,1,front_continuous_pad_feedback_positive_y_250cm,2026-08-29T16:29:38.515,26.101,6.479,79,80,1
20260829_162912,front_50_head_lv1_high_new_001,front,head wind,Level1,50,high,85,2,drone_4,192.168.0.103,B14,4,front_4,5,2,front_continuous_pad_feedback_positive_y_250cm,2026-08-29T16:29:38.515,26.101,6.479,81,81,0
20260829_162912,front_50_head_lv1_high_new_001,front,head wind,Level1,50,high,85,2,drone_5,192.168.0.104,B12,5,front_5,6,3,front_continuous_pad_feedback_positive_y_250cm,2026-08-29T16:29:38.515,26.101,6.479,79,79,0
20260829_162912,front_50_head_lv1_high_new_001,front,head wind,Level1,50,high,85,2,drone_1,192.168.0.100,B11,1,front_1,2,7,front_continuous_pad_feedback_positive_y_250cm,2026-08-29T16:29:38.619,26.205,6.583,81,81,0
20260829_162912,front_50_head_lv1_high_new_001,front,head wind,Level1,50,high,85,2,drone_2,192.168.0.101,B10,2,front_2,3,8,front_continuous_pad_feedback_positive_y_250cm,2026-08-29T16:29:38.619,26.205,6.583,77,77,0
20260829_162912,front_50_head_lv1_high_new_001,front,head wind,Level1,50,high,85,2,drone_3,192.168.0.102,B13,3,front_3,4,1,front_continuous_pad_feedback_positive_y_250cm,2026-08-29T16:29:38.619,26.205,6.583,79,80,1
20260829_162912,front_50_head_lv1_high_new_001,front,head wind,Level1,50,high,85,2,drone_4,192.168.0.103,B14,4,front_4,5,2,front_continuous_pad_feedback_positive_y_250cm,2026-08-29T16:29:38.619,26.205,6.583,81,81,0
20260829_162912,front_50_head_lv1_high_new_001,front,head wind,Level1,50,high,85,2,drone_5,192.168.0.104,B12,5,front_5,6,3,front_continuous_pad_feedback_positive_y_250cm,2026-08-29T16:29:38.619,26.205,6.583,79,79,0
20260829_162912,front_50_head_lv1_high_new_001,front,head wind,Level1,50,high,85,2,drone_1,192.168.0.100,B11,1,front_1,2,7,front_continuous_pad_feedback_positive_y_250cm,2026-08-29T16:29:38.724,26.309,6.687,81,81,0
20260829_162912,front_50_head_lv1_high_new_001,front,head wind,Level1,50,high,85,2,drone_2,192.168.0.101,B10,2,front_2,3,8,front_continuous_pad_feedback_positive_y_250cm,2026-08-29T16:29:38.724,26.309,6.687,77,77,0
20260829_162912,front_50_head_lv1_high_new_001,front,head wind,Level1,50,high,85,2,drone_3,192.168.0.102,B13,3,front_3,4,1,front_continuous_pad_feedback_positive_y_250cm,2026-08-29T16:29:38.724,26.309,6.687,79,80,1
20260829_162912,front_50_head_lv1_high_new_001,front,head wind,Level1,50,high,85,2,drone_4,192.168.0.103,B14,4,front_4,5,2,front_continuous_pad_feedback_positive_y_250cm,2026-08-29T16:29:38.724,26.309,6.687,81,81,0
20260829_162912,front_50_head_lv1_high_new_001,front,head wind,Level1,50,high,85,2,drone_5,192.168.0.104,B12,5,front_5,6,3,front_continuous_pad_feedback_positive_y_250cm,2026-08-29T16:29:38.724,26.309,6.687,79,79,0
20260829_162912,front_50_head_lv1_high_new_001,front,head wind,Level1,50,high,85,2,drone_1,192.168.0.100,B11,1,front_1,2,7,front_continuous_pad_feedback_positive_y_250cm,2026-08-29T16:29:38.832,26.417,6.795,81,81,0
20260829_162912,front_50_head_lv1_high_new_001,front,head wind,Level1,50,high,85,2,drone_2,192.168.0.101,B10,2,front_2,3,8,front_continuous_pad_feedback_positive_y_250cm,2026-08-29T16:29:38.832,26.417,6.795,77,77,0
20260829_162912,front_50_head_lv1_high_new_001,front,head wind,Level1,50,high,85,2,drone_3,192.168.0.102,B13,3,front_3,4,1,front_continuous_pad_feedback_positive_y_250cm,2026-08-29T16:29:38.832,26.417,6.795,79,80,1
20260829_162912,front_50_head_lv1_high_new_001,front,head wind,Level1,50,high,85,2,drone_4,192.168.0.103,B14,4,front_4,5,2,front_continuous_pad_feedback_positive_y_250cm,2026-08-29T16:29:38.832,26.417,6.795,81,81,0
20260829_162912,front_50_head_lv1_high_new_001,front,head wind,Level1,50,high,85,2,drone_5,192.168.0.104,B12,5,front_5,6,3,front_continuous_pad_feedback_positive_y_250cm,2026-08-29T16:29:38.832,26.417,6.795,79,79,0
20260829_162912,front_50_head_lv1_high_new_001,front,head wind,Level1,50,high,85,2,drone_1,192.168.0.100,B11,1,front_1,2,7,front_continuous_pad_feedback_positive_y_250cm,2026-08-29T16:29:38.938,26.524,6.902,81,81,0
20260829_162912,front_50_head_lv1_high_new_001,front,head wind,Level1,50,high,85,2,drone_2,192.168.0.101,B10,2,front_2,3,8,front_continuous_pad_feedback_positive_y_250cm,2026-08-29T16:29:38.938,26.524,6.902,77,77,0
20260829_162912,front_50_head_lv1_high_new_001,front,head wind,Level1,50,high,85,2,drone_3,192.168.0.102,B13,3,front_3,4,1,front_continuous_pad_feedback_positive_y_250cm,2026-08-29T16:29:38.938,26.524,6.902,79,80,1
20260829_162912,front_50_head_lv1_high_new_001,front,head wind,Level1,50,high,85,2,drone_4,192.168.0.103,B14,4,front_4,5,2,front_continuous_pad_feedback_positive_y_250cm,2026-08-29T16:29:38.938,26.524,6.902,81,81,0
20260829_162912,front_50_head_lv1_high_new_001,front,head wind,Level1,50,high,85,2,drone_5,192.168.0.104,B12,5,front_5,6,3,front_continuous_pad_feedback_positive_y_250cm,2026-08-29T16:29:38.938,26.524,6.902,79,79,0
20260829_162912,front_50_head_lv1_high_new_001,front,head wind,Level1,50,high,85,2,drone_1,192.168.0.100,B11,1,front_1,2,7,front_continuous_pad_feedback_positive_y_250cm,2026-08-29T16:29:39.044,26.63,7.008,81,81,0
20260829_162912,front_50_head_lv1_high_new_001,front,head wind,Level1,50,high,85,2,drone_2,192.168.0.101,B10,2,front_2,3,8,front_continuous_pad_feedback_positive_y_250cm,2026-08-29T16:29:39.044,26.63,7.008,77,77,0
20260829_162912,front_50_head_lv1_high_new_001,front,head wind,Level1,50,high,85,2,drone_3,192.168.0.102,B13,3,front_3,4,1,front_continuous_pad_feedback_positive_y_250cm,2026-08-29T16:29:39.044,26.63,7.008,79,80,1
20260829_162912,front_50_head_lv1_high_new_001,front,head wind,Level1,50,high,85,2,drone_4,192.168.0.103,B14,4,front_4,5,2,front_continuous_pad_feedback_positive_y_250cm,2026-08-29T16:29:39.044,26.63,7.008,81,81,0
20260829_162912,front_50_head_lv1_high_new_001,front,head wind,Level1,50,high,85,2,drone_5,192.168.0.104,B12,5,front_5,6,3,front_continuous_pad_feedback_positive_y_250cm,2026-08-29T16:29:39.044,26.63,7.008,79,79,0
20260829_162912,front_50_head_lv1_high_new_001,front,head wind,Level1,50,high,85,2,drone_1,192.168.0.100,B11,1,front_1,2,7,front_continuous_pad_feedback_positive_y_250cm,2026-08-29T16:29:39.153,26.738,7.116,81,81,0
20260829_162912,front_50_head_lv1_high_new_001,front,head wind,Level1,50,high,85,2,drone_2,192.168.0.101,B10,2,front_2,3,8,front_continuous_pad_feedback_positive_y_250cm,2026-08-29T16:29:39.153,26.738,7.116,77,77,0
20260829_162912,front_50_head_lv1_high_new_001,front,head wind,Level1,50,high,85,2,drone_3,192.168.0.102,B13,3,front_3,4,1,front_continuous_pad_feedback_positive_y_250cm,2026-08-29T16:29:39.153,26.738,7.116,79,80,1
20260829_162912,front_50_head_lv1_high_new_001,front,head wind,Level1,50,high,85,2,drone_4,192.168.0.103,B14,4,front_4,5,2,front_continuous_pad_feedback_positive_y_250cm,2026-08-29T16:29:39.153,26.738,7.116,81,81,0
20260829_162912,front_50_head_lv1_high_new_001,front,head wind,Level1,50,high,85,2,drone_5,192.168.0.104,B12,5,front_5,6,3,front_continuous_pad_feedback_positive_y_250cm,2026-08-29T16:29:39.153,26.738,7.116,79,79,0
20260829_162912,front_50_head_lv1_high_new_001,front,head wind,Level1,50,high,85,2,drone_1,192.168.0.100,B11,1,front_1,2,7,front_continuous_pad_feedback_positive_y_250cm,2026-08-29T16:29:39.261,26.846,7.224,81,81,0
20260829_162912,front_50_head_lv1_high_new_001,front,head wind,Level1,50,high,85,2,drone_2,192.168.0.101,B10,2,front_2,3,8,front_continuous_pad_feedback_positive_y_250cm,2026-08-29T16:29:39.261,26.846,7.224,77,77,0
20260829_162912,front_50_head_lv1_high_new_001,front,head wind,Level1,50,high,85,2,drone_3,192.168.0.102,B13,3,front_3,4,1,front_continuous_pad_feedback_positive_y_250cm,2026-08-29T16:29:39.261,26.846,7.224,79,80,1
20260829_162912,front_50_head_lv1_high_new_001,front,head wind,Level1,50,high,85,2,drone_4,192.168.0.103,B14,4,front_4,5,2,front_continuous_pad_feedback_positive_y_250cm,2026-08-29T16:29:39.261,26.846,7.224,81,81,0
20260829_162912,front_50_head_lv1_high_new_001,front,head wind,Level1,50,high,85,2,drone_5,192.168.0.104,B12,5,front_5,6,3,front_continuous_pad_feedback_positive_y_250cm,2026-08-29T16:29:39.261,26.846,7.224,79,79,0
20260829_162912,front_50_head_lv1_high_new_001,front,head wind,Level1,50,high,85,2,drone_1,192.168.0.100,B11,1,front_1,2,7,front_continuous_pad_feedback_positive_y_250cm,2026-08-29T16:29:39.369,26.955,7.333,81,81,0
20260829_162912,front_50_head_lv1_high_new_001,front,head wind,Level1,50,high,85,2,drone_2,192.168.0.101,B10,2,front_2,3,8,front_continuous_pad_feedback_positive_y_250cm,2026-08-29T16:29:39.369,26.955,7.333,77,77,0
20260829_162912,front_50_head_lv1_high_new_001,front,head wind,Level1,50,high,85,2,drone_3,192.168.0.102,B13,3,front_3,4,1,front_continuous_pad_feedback_positive_y_250cm,2026-08-29T16:29:39.369,26.955,7.333,79,80,1
20260829_162912,front_50_head_lv1_high_new_001,front,head wind,Level1,50,high,85,2,drone_4,192.168.0.103,B14,4,front_4,5,2,front_continuous_pad_feedback_positive_y_250cm,2026-08-29T16:29:39.369,26.955,7.333,81,81,0
20260829_162912,front_50_head_lv1_high_new_001,front,head wind,Level1,50,high,85,2,drone_5,192.168.0.104,B12,5,front_5,6,3,front_continuous_pad_feedback_positive_y_250cm,2026-08-29T16:29:39.369,26.955,7.333,79,79,0
20260829_162912,front_50_head_lv1_high_new_001,front,head wind,Level1,50,high,85,2,drone_1,192.168.0.100,B11,1,front_1,2,7,front_continuous_pad_feedback_positive_y_250cm,2026-08-29T16:29:39.476,27.061,7.439,81,81,0
20260829_162912,front_50_head_lv1_high_new_001,front,head wind,Level1,50,high,85,2,drone_2,192.168.0.101,B10,2,front_2,3,8,front_continuous_pad_feedback_positive_y_250cm,2026-08-29T16:29:39.476,27.061,7.439,77,77,0
20260829_162912,front_50_head_lv1_high_new_001,front,head wind,Level1,50,high,85,2,drone_3,192.168.0.102,B13,3,front_3,4,1,front_continuous_pad_feedback_positive_y_250cm,2026-08-29T16:29:39.476,27.061,7.439,79,80,1
20260829_162912,front_50_head_lv1_high_new_001,front,head wind,Level1,50,high,85,2,drone_4,192.168.0.103,B14,4,front_4,5,2,front_continuous_pad_feedback_positive_y_250cm,2026-08-29T16:29:39.476,27.061,7.439,81,81,0
20260829_162912,front_50_head_lv1_high_new_001,front,head wind,Level1,50,high,85,2,drone_5,192.168.0.104,B12,5,front_5,6,3,front_continuous_pad_feedback_positive_y_250cm,2026-08-29T16:29:39.476,27.061,7.439,79,79,0
20260829_162912,front_50_head_lv1_high_new_001,front,head wind,Level1,50,high,85,2,drone_1,192.168.0.100,B11,1,front_1,2,7,front_continuous_pad_feedback_positive_y_250cm,2026-08-29T16:29:39.582,27.168,7.546,81,81,0
20260829_162912,front_50_head_lv1_high_new_001,front,head wind,Level1,50,high,85,2,drone_2,192.168.0.101,B10,2,front_2,3,8,front_continuous_pad_feedback_positive_y_250cm,2026-08-29T16:29:39.582,27.168,7.546,77,77,0
20260829_162912,front_50_head_lv1_high_new_001,front,head wind,Level1,50,high,85,2,drone_3,192.168.0.102,B13,3,front_3,4,1,front_continuous_pad_feedback_positive_y_250cm,2026-08-29T16:29:39.582,27.168,7.546,79,80,1
20260829_162912,front_50_head_lv1_high_new_001,front,head wind,Level1,50,high,85,2,drone_4,192.168.0.103,B14,4,front_4,5,2,front_continuous_pad_feedback_positive_y_250cm,2026-08-29T16:29:39.582,27.168,7.546,81,81,0
20260829_162912,front_50_head_lv1_high_new_001,front,head wind,Level1,50,high,85,2,drone_5,192.168.0.104,B12,5,front_5,6,3,front_continuous_pad_feedback_positive_y_250cm,2026-08-29T16:29:39.582,27.168,7.546,79,79,0
20260829_162912,front_50_head_lv1_high_new_001,front,head wind,Level1,50,high,85,2,drone_1,192.168.0.100,B11,1,front_1,2,7,front_continuous_pad_feedback_positive_y_250cm,2026-08-29T16:29:39.684,27.27,7.648,81,81,0
20260829_162912,front_50_head_lv1_high_new_001,front,head wind,Level1,50,high,85,2,drone_2,192.168.0.101,B10,2,front_2,3,8,front_continuous_pad_feedback_positive_y_250cm,2026-08-29T16:29:39.684,27.27,7.648,77,77,0
20260829_162912,front_50_head_lv1_high_new_001,front,head wind,Level1,50,high,85,2,drone_3,192.168.0.102,B13,3,front_3,4,1,front_continuous_pad_feedback_positive_y_250cm,2026-08-29T16:29:39.684,27.27,7.648,79,80,1
20260829_162912,front_50_head_lv1_high_new_001,front,head wind,Level1,50,high,85,2,drone_4,192.168.0.103,B14,4,front_4,5,2,front_continuous_pad_feedback_positive_y_250cm,2026-08-29T16:29:39.684,27.27,7.648,81,81,0
20260829_162912,front_50_head_lv1_high_new_001,front,head wind,Level1,50,high,85,2,drone_5,192.168.0.104,B12,5,front_5,6,3,front_continuous_pad_feedback_positive_y_250cm,2026-08-29T16:29:39.684,27.27,7.648,79,79,0
20260829_162912,front_50_head_lv1_high_new_001,front,head wind,Level1,50,high,85,2,drone_1,192.168.0.100,B11,1,front_1,2,7,front_continuous_pad_feedback_positive_y_250cm,2026-08-29T16:29:39.790,27.375,7.754,81,81,0
20260829_162912,front_50_head_lv1_high_new_001,front,head wind,Level1,50,high,85,2,drone_2,192.168.0.101,B10,2,front_2,3,8,front_continuous_pad_feedback_positive_y_250cm,2026-08-29T16:29:39.790,27.375,7.754,77,77,0
20260829_162912,front_50_head_lv1_high_new_001,front,head wind,Level1,50,high,85,2,drone_3,192.168.0.102,B13,3,front_3,4,1,front_continuous_pad_feedback_positive_y_250cm,2026-08-29T16:29:39.790,27.375,7.754,79,80,1
20260829_162912,front_50_head_lv1_high_new_001,front,head wind,Level1,50,high,85,2,drone_4,192.168.0.103,B14,4,front_4,5,2,front_continuous_pad_feedback_positive_y_250cm,2026-08-29T16:29:39.790,27.375,7.754,81,81,0
20260829_162912,front_50_head_lv1_high_new_001,front,head wind,Level1,50,high,85,2,drone_5,192.168.0.104,B12,5,front_5,6,3,front_continuous_pad_feedback_positive_y_250cm,2026-08-29T16:29:39.790,27.375,7.754,79,79,0
20260829_162912,front_50_head_lv1_high_new_001,front,head wind,Level1,50,high,85,2,drone_1,192.168.0.100,B11,1,front_1,2,7,front_continuous_pad_feedback_positive_y_250cm,2026-08-29T16:29:39.897,27.482,7.86,81,81,0
20260829_162912,front_50_head_lv1_high_new_001,front,head wind,Level1,50,high,85,2,drone_2,192.168.0.101,B10,2,front_2,3,8,front_continuous_pad_feedback_positive_y_250cm,2026-08-29T16:29:39.897,27.482,7.86,77,77,0
20260829_162912,front_50_head_lv1_high_new_001,front,head wind,Level1,50,high,85,2,drone_3,192.168.0.102,B13,3,front_3,4,1,front_continuous_pad_feedback_positive_y_250cm,2026-08-29T16:29:39.897,27.482,7.86,78,80,2
20260829_162912,front_50_head_lv1_high_new_001,front,head wind,Level1,50,high,85,2,drone_4,192.168.0.103,B14,4,front_4,5,2,front_continuous_pad_feedback_positive_y_250cm,2026-08-29T16:29:39.897,27.482,7.86,81,81,0
20260829_162912,front_50_head_lv1_high_new_001,front,head wind,Level1,50,high,85,2,drone_5,192.168.0.104,B12,5,front_5,6,3,front_continuous_pad_feedback_positive_y_250cm,2026-08-29T16:29:39.897,27.482,7.86,79,79,0
20260829_162912,front_50_head_lv1_high_new_001,front,head wind,Level1,50,high,85,2,drone_1,192.168.0.100,B11,1,front_1,2,7,front_continuous_pad_feedback_positive_y_250cm,2026-08-29T16:29:40.005,27.59,7.968,81,81,0
20260829_162912,front_50_head_lv1_high_new_001,front,head wind,Level1,50,high,85,2,drone_2,192.168.0.101,B10,2,front_2,3,8,front_continuous_pad_feedback_positive_y_250cm,2026-08-29T16:29:40.005,27.59,7.968,77,77,0
20260829_162912,front_50_head_lv1_high_new_001,front,head wind,Level1,50,high,85,2,drone_3,192.168.0.102,B13,3,front_3,4,1,front_continuous_pad_feedback_positive_y_250cm,2026-08-29T16:29:40.005,27.59,7.968,78,80,2
20260829_162912,front_50_head_lv1_high_new_001,front,head wind,Level1,50,high,85,2,drone_4,192.168.0.103,B14,4,front_4,5,2,front_continuous_pad_feedback_positive_y_250cm,2026-08-29T16:29:40.005,27.59,7.968,81,81,0
20260829_162912,front_50_head_lv1_high_new_001,front,head wind,Level1,50,high,85,2,drone_5,192.168.0.104,B12,5,front_5,6,3,front_continuous_pad_feedback_positive_y_250cm,2026-08-29T16:29:40.005,27.59,7.968,79,79,0
20260829_162912,front_50_head_lv1_high_new_001,front,head wind,Level1,50,high,85,2,drone_1,192.168.0.100,B11,1,front_1,2,7,front_continuous_pad_feedback_positive_y_250cm,2026-08-29T16:29:40.113,27.698,8.076,81,81,0
20260829_162912,front_50_head_lv1_high_new_001,front,head wind,Level1,50,high,85,2,drone_2,192.168.0.101,B10,2,front_2,3,8,front_continuous_pad_feedback_positive_y_250cm,2026-08-29T16:29:40.113,27.698,8.076,77,77,0
20260829_162912,front_50_head_lv1_high_new_001,front,head wind,Level1,50,high,85,2,drone_3,192.168.0.102,B13,3,front_3,4,1,front_continuous_pad_feedback_positive_y_250cm,2026-08-29T16:29:40.113,27.698,8.076,78,80,2
20260829_162912,front_50_head_lv1_high_new_001,front,head wind,Level1,50,high,85,2,drone_4,192.168.0.103,B14,4,front_4,5,2,front_continuous_pad_feedback_positive_y_250cm,2026-08-29T16:29:40.113,27.698,8.076,81,81,0
20260829_162912,front_50_head_lv1_high_new_001,front,head wind,Level1,50,high,85,2,drone_5,192.168.0.104,B12,5,front_5,6,3,front_continuous_pad_feedback_positive_y_250cm,2026-08-29T16:29:40.113,27.698,8.076,79,79,0
20260829_162912,front_50_head_lv1_high_new_001,front,head wind,Level1,50,high,85,2,drone_1,192.168.0.100,B11,1,front_1,2,7,front_continuous_pad_feedback_positive_y_250cm,2026-08-29T16:29:40.216,27.801,8.179,81,81,0
20260829_162912,front_50_head_lv1_high_new_001,front,head wind,Level1,50,high,85,2,drone_2,192.168.0.101,B10,2,front_2,3,8,front_continuous_pad_feedback_positive_y_250cm,2026-08-29T16:29:40.216,27.801,8.179,77,77,0
20260829_162912,front_50_head_lv1_high_new_001,front,head wind,Level1,50,high,85,2,drone_3,192.168.0.102,B13,3,front_3,4,1,front_continuous_pad_feedback_positive_y_250cm,2026-08-29T16:29:40.216,27.801,8.179,78,80,2
20260829_162912,front_50_head_lv1_high_new_001,front,head wind,Level1,50,high,85,2,drone_4,192.168.0.103,B14,4,front_4,5,2,front_continuous_pad_feedback_positive_y_250cm,2026-08-29T16:29:40.216,27.801,8.179,81,81,0
20260829_162912,front_50_head_lv1_high_new_001,front,head wind,Level1,50,high,85,2,drone_5,192.168.0.104,B12,5,front_5,6,3,front_continuous_pad_feedback_positive_y_250cm,2026-08-29T16:29:40.216,27.801,8.179,79,79,0
20260829_162912,front_50_head_lv1_high_new_001,front,head wind,Level1,50,high,85,2,drone_1,192.168.0.100,B11,1,front_1,2,7,front_continuous_pad_feedback_positive_y_250cm,2026-08-29T16:29:40.323,27.908,8.286,81,81,0
20260829_162912,front_50_head_lv1_high_new_001,front,head wind,Level1,50,high,85,2,drone_2,192.168.0.101,B10,2,front_2,3,8,front_continuous_pad_feedback_positive_y_250cm,2026-08-29T16:29:40.323,27.908,8.286,77,77,0
20260829_162912,front_50_head_lv1_high_new_001,front,head wind,Level1,50,high,85,2,drone_3,192.168.0.102,B13,3,front_3,4,1,front_continuous_pad_feedback_positive_y_250cm,2026-08-29T16:29:40.323,27.908,8.286,78,80,2
20260829_162912,front_50_head_lv1_high_new_001,front,head wind,Level1,50,high,85,2,drone_4,192.168.0.103,B14,4,front_4,5,2,front_continuous_pad_feedback_positive_y_250cm,2026-08-29T16:29:40.323,27.908,8.286,81,81,0
20260829_162912,front_50_head_lv1_high_new_001,front,head wind,Level1,50,high,85,2,drone_5,192.168.0.104,B12,5,front_5,6,3,front_continuous_pad_feedback_positive_y_250cm,2026-08-29T16:29:40.323,27.908,8.286,79,79,0
20260829_162912,front_50_head_lv1_high_new_001,front,head wind,Level1,50,high,85,2,drone_1,192.168.0.100,B11,1,front_1,2,7,front_continuous_pad_feedback_positive_y_250cm,2026-08-29T16:29:40.429,28.014,8.392,81,81,0
20260829_162912,front_50_head_lv1_high_new_001,front,head wind,Level1,50,high,85,2,drone_2,192.168.0.101,B10,2,front_2,3,8,front_continuous_pad_feedback_positive_y_250cm,2026-08-29T16:29:40.429,28.014,8.392,77,77,0
20260829_162912,front_50_head_lv1_high_new_001,front,head wind,Level1,50,high,85,2,drone_3,192.168.0.102,B13,3,front_3,4,1,front_continuous_pad_feedback_positive_y_250cm,2026-08-29T16:29:40.429,28.014,8.392,78,80,2
20260829_162912,front_50_head_lv1_high_new_001,front,head wind,Level1,50,high,85,2,drone_4,192.168.0.103,B14,4,front_4,5,2,front_continuous_pad_feedback_positive_y_250cm,2026-08-29T16:29:40.429,28.014,8.392,81,81,0
20260829_162912,front_50_head_lv1_high_new_001,front,head wind,Level1,50,high,85,2,drone_5,192.168.0.104,B12,5,front_5,6,3,front_continuous_pad_feedback_positive_y_250cm,2026-08-29T16:29:40.429,28.014,8.392,79,79,0
20260829_162912,front_50_head_lv1_high_new_001,front,head wind,Level1,50,high,85,2,drone_1,192.168.0.100,B11,1,front_1,2,7,front_continuous_pad_feedback_positive_y_250cm,2026-08-29T16:29:40.537,28.123,8.501,81,81,0
20260829_162912,front_50_head_lv1_high_new_001,front,head wind,Level1,50,high,85,2,drone_2,192.168.0.101,B10,2,front_2,3,8,front_continuous_pad_feedback_positive_y_250cm,2026-08-29T16:29:40.537,28.123,8.501,77,77,0
20260829_162912,front_50_head_lv1_high_new_001,front,head wind,Level1,50,high,85,2,drone_3,192.168.0.102,B13,3,front_3,4,1,front_continuous_pad_feedback_positive_y_250cm,2026-08-29T16:29:40.537,28.123,8.501,78,80,2
20260829_162912,front_50_head_lv1_high_new_001,front,head wind,Level1,50,high,85,2,drone_4,192.168.0.103,B14,4,front_4,5,2,front_continuous_pad_feedback_positive_y_250cm,2026-08-29T16:29:40.537,28.123,8.501,81,81,0
20260829_162912,front_50_head_lv1_high_new_001,front,head wind,Level1,50,high,85,2,drone_5,192.168.0.104,B12,5,front_5,6,3,front_continuous_pad_feedback_positive_y_250cm,2026-08-29T16:29:40.537,28.123,8.501,79,79,0
20260829_162912,front_50_head_lv1_high_new_001,front,head wind,Level1,50,high,85,2,drone_1,192.168.0.100,B11,1,front_1,2,7,front_continuous_pad_feedback_positive_y_250cm,2026-08-29T16:29:40.641,28.226,8.604,81,81,0
20260829_162912,front_50_head_lv1_high_new_001,front,head wind,Level1,50,high,85,2,drone_2,192.168.0.101,B10,2,front_2,3,8,front_continuous_pad_feedback_positive_y_250cm,2026-08-29T16:29:40.641,28.226,8.604,77,77,0
20260829_162912,front_50_head_lv1_high_new_001,front,head wind,Level1,50,high,85,2,drone_3,192.168.0.102,B13,3,front_3,4,1,front_continuous_pad_feedback_positive_y_250cm,2026-08-29T16:29:40.641,28.226,8.604,78,80,2
20260829_162912,front_50_head_lv1_high_new_001,front,head wind,Level1,50,high,85,2,drone_4,192.168.0.103,B14,4,front_4,5,2,front_continuous_pad_feedback_positive_y_250cm,2026-08-29T16:29:40.641,28.226,8.604,81,81,0
20260829_162912,front_50_head_lv1_high_new_001,front,head wind,Level1,50,high,85,2,drone_5,192.168.0.104,B12,5,front_5,6,3,front_continuous_pad_feedback_positive_y_250cm,2026-08-29T16:29:40.641,28.226,8.604,79,79,0
20260829_162912,front_50_head_lv1_high_new_001,front,head wind,Level1,50,high,85,2,drone_1,192.168.0.100,B11,1,front_1,2,7,front_continuous_pad_feedback_positive_y_250cm,2026-08-29T16:29:40.747,28.332,8.711,81,81,0
20260829_162912,front_50_head_lv1_high_new_001,front,head wind,Level1,50,high,85,2,drone_2,192.168.0.101,B10,2,front_2,3,8,front_continuous_pad_feedback_positive_y_250cm,2026-08-29T16:29:40.747,28.332,8.711,77,77,0
20260829_162912,front_50_head_lv1_high_new_001,front,head wind,Level1,50,high,85,2,drone_3,192.168.0.102,B13,3,front_3,4,1,front_continuous_pad_feedback_positive_y_250cm,2026-08-29T16:29:40.747,28.332,8.711,78,80,2
20260829_162912,front_50_head_lv1_high_new_001,front,head wind,Level1,50,high,85,2,drone_4,192.168.0.103,B14,4,front_4,5,2,front_continuous_pad_feedback_positive_y_250cm,2026-08-29T16:29:40.747,28.332,8.711,81,81,0
20260829_162912,front_50_head_lv1_high_new_001,front,head wind,Level1,50,high,85,2,drone_5,192.168.0.104,B12,5,front_5,6,3,front_continuous_pad_feedback_positive_y_250cm,2026-08-29T16:29:40.747,28.332,8.711,79,79,0
20260829_162912,front_50_head_lv1_high_new_001,front,head wind,Level1,50,high,85,2,drone_1,192.168.0.100,B11,1,front_1,2,7,front_continuous_pad_feedback_positive_y_250cm,2026-08-29T16:29:40.853,28.438,8.816,81,81,0
20260829_162912,front_50_head_lv1_high_new_001,front,head wind,Level1,50,high,85,2,drone_2,192.168.0.101,B10,2,front_2,3,8,front_continuous_pad_feedback_positive_y_250cm,2026-08-29T16:29:40.853,28.438,8.816,77,77,0
20260829_162912,front_50_head_lv1_high_new_001,front,head wind,Level1,50,high,85,2,drone_3,192.168.0.102,B13,3,front_3,4,1,front_continuous_pad_feedback_positive_y_250cm,2026-08-29T16:29:40.853,28.438,8.816,78,80,2
20260829_162912,front_50_head_lv1_high_new_001,front,head wind,Level1,50,high,85,2,drone_4,192.168.0.103,B14,4,front_4,5,2,front_continuous_pad_feedback_positive_y_250cm,2026-08-29T16:29:40.853,28.438,8.816,81,81,0
20260829_162912,front_50_head_lv1_high_new_001,front,head wind,Level1,50,high,85,2,drone_5,192.168.0.104,B12,5,front_5,6,3,front_continuous_pad_feedback_positive_y_250cm,2026-08-29T16:29:40.853,28.438,8.816,79,79,0
20260829_162912,front_50_head_lv1_high_new_001,front,head wind,Level1,50,high,85,2,drone_1,192.168.0.100,B11,1,front_1,2,7,front_continuous_pad_feedback_positive_y_250cm,2026-08-29T16:29:40.959,28.544,8.923,81,81,0
20260829_162912,front_50_head_lv1_high_new_001,front,head wind,Level1,50,high,85,2,drone_2,192.168.0.101,B10,2,front_2,3,8,front_continuous_pad_feedback_positive_y_250cm,2026-08-29T16:29:40.959,28.544,8.923,77,77,0
20260829_162912,front_50_head_lv1_high_new_001,front,head wind,Level1,50,high,85,2,drone_3,192.168.0.102,B13,3,front_3,4,1,front_continuous_pad_feedback_positive_y_250cm,2026-08-29T16:29:40.959,28.544,8.923,78,80,2
20260829_162912,front_50_head_lv1_high_new_001,front,head wind,Level1,50,high,85,2,drone_4,192.168.0.103,B14,4,front_4,5,2,front_continuous_pad_feedback_positive_y_250cm,2026-08-29T16:29:40.959,28.544,8.923,81,81,0
20260829_162912,front_50_head_lv1_high_new_001,front,head wind,Level1,50,high,85,2,drone_5,192.168.0.104,B12,5,front_5,6,3,front_continuous_pad_feedback_positive_y_250cm,2026-08-29T16:29:40.959,28.544,8.923,79,79,0
20260829_162912,front_50_head_lv1_high_new_001,front,head wind,Level1,50,high,85,2,drone_1,192.168.0.100,B11,1,front_1,2,7,front_continuous_pad_feedback_positive_y_250cm,2026-08-29T16:29:41.062,28.647,9.025,81,81,0
20260829_162912,front_50_head_lv1_high_new_001,front,head wind,Level1,50,high,85,2,drone_2,192.168.0.101,B10,2,front_2,3,8,front_continuous_pad_feedback_positive_y_250cm,2026-08-29T16:29:41.062,28.647,9.025,77,77,0
20260829_162912,front_50_head_lv1_high_new_001,front,head wind,Level1,50,high,85,2,drone_3,192.168.0.102,B13,3,front_3,4,1,front_continuous_pad_feedback_positive_y_250cm,2026-08-29T16:29:41.062,28.647,9.025,78,80,2
20260829_162912,front_50_head_lv1_high_new_001,front,head wind,Level1,50,high,85,2,drone_4,192.168.0.103,B14,4,front_4,5,2,front_continuous_pad_feedback_positive_y_250cm,2026-08-29T16:29:41.062,28.647,9.025,81,81,0
20260829_162912,front_50_head_lv1_high_new_001,front,head wind,Level1,50,high,85,2,drone_5,192.168.0.104,B12,5,front_5,6,3,front_continuous_pad_feedback_positive_y_250cm,2026-08-29T16:29:41.062,28.647,9.025,79,79,0
20260829_162912,front_50_head_lv1_high_new_001,front,head wind,Level1,50,high,85,2,drone_1,192.168.0.100,B11,1,front_1,2,7,front_continuous_pad_feedback_positive_y_250cm,2026-08-29T16:29:41.167,28.752,9.13,81,81,0
20260829_162912,front_50_head_lv1_high_new_001,front,head wind,Level1,50,high,85,2,drone_2,192.168.0.101,B10,2,front_2,3,8,front_continuous_pad_feedback_positive_y_250cm,2026-08-29T16:29:41.167,28.752,9.13,77,77,0
20260829_162912,front_50_head_lv1_high_new_001,front,head wind,Level1,50,high,85,2,drone_3,192.168.0.102,B13,3,front_3,4,1,front_continuous_pad_feedback_positive_y_250cm,2026-08-29T16:29:41.167,28.752,9.13,78,80,2
20260829_162912,front_50_head_lv1_high_new_001,front,head wind,Level1,50,high,85,2,drone_4,192.168.0.103,B14,4,front_4,5,2,front_continuous_pad_feedback_positive_y_250cm,2026-08-29T16:29:41.167,28.752,9.13,81,81,0
20260829_162912,front_50_head_lv1_high_new_001,front,head wind,Level1,50,high,85,2,drone_5,192.168.0.104,B12,5,front_5,6,3,front_continuous_pad_feedback_positive_y_250cm,2026-08-29T16:29:41.167,28.752,9.13,79,79,0
20260829_162912,front_50_head_lv1_high_new_001,front,head wind,Level1,50,high,85,2,drone_1,192.168.0.100,B11,1,front_1,2,7,front_continuous_pad_feedback_positive_y_250cm,2026-08-29T16:29:41.275,28.861,9.239,81,81,0
20260829_162912,front_50_head_lv1_high_new_001,front,head wind,Level1,50,high,85,2,drone_2,192.168.0.101,B10,2,front_2,3,8,front_continuous_pad_feedback_positive_y_250cm,2026-08-29T16:29:41.275,28.861,9.239,77,77,0
20260829_162912,front_50_head_lv1_high_new_001,front,head wind,Level1,50,high,85,2,drone_3,192.168.0.102,B13,3,front_3,4,1,front_continuous_pad_feedback_positive_y_250cm,2026-08-29T16:29:41.275,28.861,9.239,78,80,2
20260829_162912,front_50_head_lv1_high_new_001,front,head wind,Level1,50,high,85,2,drone_4,192.168.0.103,B14,4,front_4,5,2,front_continuous_pad_feedback_positive_y_250cm,2026-08-29T16:29:41.275,28.861,9.239,81,81,0
20260829_162912,front_50_head_lv1_high_new_001,front,head wind,Level1,50,high,85,2,drone_5,192.168.0.104,B12,5,front_5,6,3,front_continuous_pad_feedback_positive_y_250cm,2026-08-29T16:29:41.275,28.861,9.239,79,79,0
20260829_162912,front_50_head_lv1_high_new_001,front,head wind,Level1,50,high,85,2,drone_1,192.168.0.100,B11,1,front_1,2,7,front_continuous_pad_feedback_positive_y_250cm,2026-08-29T16:29:41.380,28.965,9.343,81,81,0
20260829_162912,front_50_head_lv1_high_new_001,front,head wind,Level1,50,high,85,2,drone_2,192.168.0.101,B10,2,front_2,3,8,front_continuous_pad_feedback_positive_y_250cm,2026-08-29T16:29:41.380,28.965,9.343,77,77,0
20260829_162912,front_50_head_lv1_high_new_001,front,head wind,Level1,50,high,85,2,drone_3,192.168.0.102,B13,3,front_3,4,1,front_continuous_pad_feedback_positive_y_250cm,2026-08-29T16:29:41.380,28.965,9.343,78,80,2
20260829_162912,front_50_head_lv1_high_new_001,front,head wind,Level1,50,high,85,2,drone_4,192.168.0.103,B14,4,front_4,5,2,front_continuous_pad_feedback_positive_y_250cm,2026-08-29T16:29:41.380,28.965,9.343,81,81,0
20260829_162912,front_50_head_lv1_high_new_001,front,head wind,Level1,50,high,85,2,drone_5,192.168.0.104,B12,5,front_5,6,3,front_continuous_pad_feedback_positive_y_250cm,2026-08-29T16:29:41.380,28.965,9.343,79,79,0
20260829_162912,front_50_head_lv1_high_new_001,front,head wind,Level1,50,high,85,2,drone_1,192.168.0.100,B11,1,front_1,2,7,front_continuous_pad_feedback_positive_y_250cm,2026-08-29T16:29:41.487,29.072,9.45,81,81,0
20260829_162912,front_50_head_lv1_high_new_001,front,head wind,Level1,50,high,85,2,drone_2,192.168.0.101,B10,2,front_2,3,8,front_continuous_pad_feedback_positive_y_250cm,2026-08-29T16:29:41.487,29.072,9.45,77,77,0
20260829_162912,front_50_head_lv1_high_new_001,front,head wind,Level1,50,high,85,2,drone_3,192.168.0.102,B13,3,front_3,4,1,front_continuous_pad_feedback_positive_y_250cm,2026-08-29T16:29:41.487,29.072,9.45,78,80,2
20260829_162912,front_50_head_lv1_high_new_001,front,head wind,Level1,50,high,85,2,drone_4,192.168.0.103,B14,4,front_4,5,2,front_continuous_pad_feedback_positive_y_250cm,2026-08-29T16:29:41.487,29.072,9.45,81,81,0
20260829_162912,front_50_head_lv1_high_new_001,front,head wind,Level1,50,high,85,2,drone_5,192.168.0.104,B12,5,front_5,6,3,front_continuous_pad_feedback_positive_y_250cm,2026-08-29T16:29:41.487,29.072,9.45,79,79,0
20260829_162912,front_50_head_lv1_high_new_001,front,head wind,Level1,50,high,85,2,drone_1,192.168.0.100,B11,1,front_1,2,7,front_continuous_pad_feedback_positive_y_250cm,2026-08-29T16:29:41.594,29.179,9.557,81,81,0
20260829_162912,front_50_head_lv1_high_new_001,front,head wind,Level1,50,high,85,2,drone_2,192.168.0.101,B10,2,front_2,3,8,front_continuous_pad_feedback_positive_y_250cm,2026-08-29T16:29:41.594,29.179,9.557,77,77,0
20260829_162912,front_50_head_lv1_high_new_001,front,head wind,Level1,50,high,85,2,drone_3,192.168.0.102,B13,3,front_3,4,1,front_continuous_pad_feedback_positive_y_250cm,2026-08-29T16:29:41.594,29.179,9.557,78,80,2
20260829_162912,front_50_head_lv1_high_new_001,front,head wind,Level1,50,high,85,2,drone_4,192.168.0.103,B14,4,front_4,5,2,front_continuous_pad_feedback_positive_y_250cm,2026-08-29T16:29:41.594,29.179,9.557,81,81,0
20260829_162912,front_50_head_lv1_high_new_001,front,head wind,Level1,50,high,85,2,drone_5,192.168.0.104,B12,5,front_5,6,3,front_continuous_pad_feedback_positive_y_250cm,2026-08-29T16:29:41.594,29.179,9.557,79,79,0
20260829_162912,front_50_head_lv1_high_new_001,front,head wind,Level1,50,high,85,2,drone_1,192.168.0.100,B11,1,front_1,2,7,front_continuous_pad_feedback_positive_y_250cm,2026-08-29T16:29:41.697,29.283,9.661,81,81,0
20260829_162912,front_50_head_lv1_high_new_001,front,head wind,Level1,50,high,85,2,drone_2,192.168.0.101,B10,2,front_2,3,8,front_continuous_pad_feedback_positive_y_250cm,2026-08-29T16:29:41.697,29.283,9.661,77,77,0
20260829_162912,front_50_head_lv1_high_new_001,front,head wind,Level1,50,high,85,2,drone_3,192.168.0.102,B13,3,front_3,4,1,front_continuous_pad_feedback_positive_y_250cm,2026-08-29T16:29:41.697,29.283,9.661,78,80,2
20260829_162912,front_50_head_lv1_high_new_001,front,head wind,Level1,50,high,85,2,drone_4,192.168.0.103,B14,4,front_4,5,2,front_continuous_pad_feedback_positive_y_250cm,2026-08-29T16:29:41.697,29.283,9.661,81,81,0
20260829_162912,front_50_head_lv1_high_new_001,front,head wind,Level1,50,high,85,2,drone_5,192.168.0.104,B12,5,front_5,6,3,front_continuous_pad_feedback_positive_y_250cm,2026-08-29T16:29:41.697,29.283,9.661,79,79,0
20260829_162912,front_50_head_lv1_high_new_001,front,head wind,Level1,50,high,85,2,drone_1,192.168.0.100,B11,1,front_1,2,7,front_continuous_pad_feedback_positive_y_250cm,2026-08-29T16:29:41.804,29.389,9.767,81,81,0
20260829_162912,front_50_head_lv1_high_new_001,front,head wind,Level1,50,high,85,2,drone_2,192.168.0.101,B10,2,front_2,3,8,front_continuous_pad_feedback_positive_y_250cm,2026-08-29T16:29:41.804,29.389,9.767,77,77,0
20260829_162912,front_50_head_lv1_high_new_001,front,head wind,Level1,50,high,85,2,drone_3,192.168.0.102,B13,3,front_3,4,1,front_continuous_pad_feedback_positive_y_250cm,2026-08-29T16:29:41.804,29.389,9.767,78,80,2
20260829_162912,front_50_head_lv1_high_new_001,front,head wind,Level1,50,high,85,2,drone_4,192.168.0.103,B14,4,front_4,5,2,front_continuous_pad_feedback_positive_y_250cm,2026-08-29T16:29:41.804,29.389,9.767,81,81,0
20260829_162912,front_50_head_lv1_high_new_001,front,head wind,Level1,50,high,85,2,drone_5,192.168.0.104,B12,5,front_5,6,3,front_continuous_pad_feedback_positive_y_250cm,2026-08-29T16:29:41.804,29.389,9.767,79,79,0
20260829_162912,front_50_head_lv1_high_new_001,front,head wind,Level1,50,high,85,2,drone_1,192.168.0.100,B11,1,front_1,2,7,front_continuous_pad_feedback_positive_y_250cm,2026-08-29T16:29:41.910,29.495,9.873,81,81,0
20260829_162912,front_50_head_lv1_high_new_001,front,head wind,Level1,50,high,85,2,drone_2,192.168.0.101,B10,2,front_2,3,8,front_continuous_pad_feedback_positive_y_250cm,2026-08-29T16:29:41.910,29.495,9.873,77,77,0
20260829_162912,front_50_head_lv1_high_new_001,front,head wind,Level1,50,high,85,2,drone_3,192.168.0.102,B13,3,front_3,4,1,front_continuous_pad_feedback_positive_y_250cm,2026-08-29T16:29:41.910,29.495,9.873,77,80,3
20260829_162912,front_50_head_lv1_high_new_001,front,head wind,Level1,50,high,85,2,drone_4,192.168.0.103,B14,4,front_4,5,2,front_continuous_pad_feedback_positive_y_250cm,2026-08-29T16:29:41.910,29.495,9.873,81,81,0
20260829_162912,front_50_head_lv1_high_new_001,front,head wind,Level1,50,high,85,2,drone_5,192.168.0.104,B12,5,front_5,6,3,front_continuous_pad_feedback_positive_y_250cm,2026-08-29T16:29:41.910,29.495,9.873,79,79,0
20260829_162912,front_50_head_lv1_high_new_001,front,head wind,Level1,50,high,85,2,drone_1,192.168.0.100,B11,1,front_1,2,7,front_continuous_pad_feedback_positive_y_250cm,2026-08-29T16:29:42.016,29.602,9.98,81,81,0
20260829_162912,front_50_head_lv1_high_new_001,front,head wind,Level1,50,high,85,2,drone_2,192.168.0.101,B10,2,front_2,3,8,front_continuous_pad_feedback_positive_y_250cm,2026-08-29T16:29:42.016,29.602,9.98,77,77,0
20260829_162912,front_50_head_lv1_high_new_001,front,head wind,Level1,50,high,85,2,drone_3,192.168.0.102,B13,3,front_3,4,1,front_continuous_pad_feedback_positive_y_250cm,2026-08-29T16:29:42.016,29.602,9.98,77,80,3
20260829_162912,front_50_head_lv1_high_new_001,front,head wind,Level1,50,high,85,2,drone_4,192.168.0.103,B14,4,front_4,5,2,front_continuous_pad_feedback_positive_y_250cm,2026-08-29T16:29:42.016,29.602,9.98,81,81,0
20260829_162912,front_50_head_lv1_high_new_001,front,head wind,Level1,50,high,85,2,drone_5,192.168.0.104,B12,5,front_5,6,3,front_continuous_pad_feedback_positive_y_250cm,2026-08-29T16:29:42.016,29.602,9.98,79,79,0
20260829_162912,front_50_head_lv1_high_new_001,front,head wind,Level1,50,high,85,2,drone_1,192.168.0.100,B11,1,front_1,2,7,front_continuous_pad_feedback_positive_y_250cm,2026-08-29T16:29:42.122,29.708,10.086,81,81,0
20260829_162912,front_50_head_lv1_high_new_001,front,head wind,Level1,50,high,85,2,drone_2,192.168.0.101,B10,2,front_2,3,8,front_continuous_pad_feedback_positive_y_250cm,2026-08-29T16:29:42.122,29.708,10.086,77,77,0
20260829_162912,front_50_head_lv1_high_new_001,front,head wind,Level1,50,high,85,2,drone_3,192.168.0.102,B13,3,front_3,4,1,front_continuous_pad_feedback_positive_y_250cm,2026-08-29T16:29:42.122,29.708,10.086,77,80,3
20260829_162912,front_50_head_lv1_high_new_001,front,head wind,Level1,50,high,85,2,drone_4,192.168.0.103,B14,4,front_4,5,2,front_continuous_pad_feedback_positive_y_250cm,2026-08-29T16:29:42.122,29.708,10.086,81,81,0
20260829_162912,front_50_head_lv1_high_new_001,front,head wind,Level1,50,high,85,2,drone_5,192.168.0.104,B12,5,front_5,6,3,front_continuous_pad_feedback_positive_y_250cm,2026-08-29T16:29:42.122,29.708,10.086,79,79,0
20260829_162912,front_50_head_lv1_high_new_001,front,head wind,Level1,50,high,85,2,drone_1,192.168.0.100,B11,1,front_1,2,7,front_continuous_pad_feedback_positive_y_250cm,2026-08-29T16:29:42.230,29.815,10.193,81,81,0
20260829_162912,front_50_head_lv1_high_new_001,front,head wind,Level1,50,high,85,2,drone_2,192.168.0.101,B10,2,front_2,3,8,front_continuous_pad_feedback_positive_y_250cm,2026-08-29T16:29:42.230,29.815,10.193,77,77,0
20260829_162912,front_50_head_lv1_high_new_001,front,head wind,Level1,50,high,85,2,drone_3,192.168.0.102,B13,3,front_3,4,1,front_continuous_pad_feedback_positive_y_250cm,2026-08-29T16:29:42.230,29.815,10.193,77,80,3
20260829_162912,front_50_head_lv1_high_new_001,front,head wind,Level1,50,high,85,2,drone_4,192.168.0.103,B14,4,front_4,5,2,front_continuous_pad_feedback_positive_y_250cm,2026-08-29T16:29:42.230,29.815,10.193,81,81,0
20260829_162912,front_50_head_lv1_high_new_001,front,head wind,Level1,50,high,85,2,drone_5,192.168.0.104,B12,5,front_5,6,3,front_continuous_pad_feedback_positive_y_250cm,2026-08-29T16:29:42.230,29.815,10.193,79,79,0
20260829_162912,front_50_head_lv1_high_new_001,front,head wind,Level1,50,high,85,2,drone_1,192.168.0.100,B11,1,front_1,2,7,front_continuous_pad_feedback_positive_y_250cm,2026-08-29T16:29:42.336,29.921,10.299,81,81,0
20260829_162912,front_50_head_lv1_high_new_001,front,head wind,Level1,50,high,85,2,drone_2,192.168.0.101,B10,2,front_2,3,8,front_continuous_pad_feedback_positive_y_250cm,2026-08-29T16:29:42.336,29.921,10.299,77,77,0
20260829_162912,front_50_head_lv1_high_new_001,front,head wind,Level1,50,high,85,2,drone_3,192.168.0.102,B13,3,front_3,4,1,front_continuous_pad_feedback_positive_y_250cm,2026-08-29T16:29:42.336,29.921,10.299,77,80,3
20260829_162912,front_50_head_lv1_high_new_001,front,head wind,Level1,50,high,85,2,drone_4,192.168.0.103,B14,4,front_4,5,2,front_continuous_pad_feedback_positive_y_250cm,2026-08-29T16:29:42.336,29.921,10.299,81,81,0
20260829_162912,front_50_head_lv1_high_new_001,front,head wind,Level1,50,high,85,2,drone_5,192.168.0.104,B12,5,front_5,6,3,front_continuous_pad_feedback_positive_y_250cm,2026-08-29T16:29:42.336,29.921,10.299,79,79,0
20260829_162912,front_50_head_lv1_high_new_001,front,head wind,Level1,50,high,85,2,drone_1,192.168.0.100,B11,1,front_1,2,7,front_continuous_pad_feedback_positive_y_250cm,2026-08-29T16:29:42.440,30.026,10.404,81,81,0
20260829_162912,front_50_head_lv1_high_new_001,front,head wind,Level1,50,high,85,2,drone_2,192.168.0.101,B10,2,front_2,3,8,front_continuous_pad_feedback_positive_y_250cm,2026-08-29T16:29:42.440,30.026,10.404,77,77,0
20260829_162912,front_50_head_lv1_high_new_001,front,head wind,Level1,50,high,85,2,drone_3,192.168.0.102,B13,3,front_3,4,1,front_continuous_pad_feedback_positive_y_250cm,2026-08-29T16:29:42.440,30.026,10.404,77,80,3
20260829_162912,front_50_head_lv1_high_new_001,front,head wind,Level1,50,high,85,2,drone_4,192.168.0.103,B14,4,front_4,5,2,front_continuous_pad_feedback_positive_y_250cm,2026-08-29T16:29:42.440,30.026,10.404,81,81,0
20260829_162912,front_50_head_lv1_high_new_001,front,head wind,Level1,50,high,85,2,drone_5,192.168.0.104,B12,5,front_5,6,3,front_continuous_pad_feedback_positive_y_250cm,2026-08-29T16:29:42.440,30.026,10.404,79,79,0
20260829_162912,front_50_head_lv1_high_new_001,front,head wind,Level1,50,high,85,2,drone_1,192.168.0.100,B11,1,front_1,2,7,front_continuous_pad_feedback_positive_y_250cm,2026-08-29T16:29:42.547,30.132,10.51,81,81,0
20260829_162912,front_50_head_lv1_high_new_001,front,head wind,Level1,50,high,85,2,drone_2,192.168.0.101,B10,2,front_2,3,8,front_continuous_pad_feedback_positive_y_250cm,2026-08-29T16:29:42.547,30.132,10.51,77,77,0
20260829_162912,front_50_head_lv1_high_new_001,front,head wind,Level1,50,high,85,2,drone_3,192.168.0.102,B13,3,front_3,4,1,front_continuous_pad_feedback_positive_y_250cm,2026-08-29T16:29:42.547,30.132,10.51,77,80,3
20260829_162912,front_50_head_lv1_high_new_001,front,head wind,Level1,50,high,85,2,drone_4,192.168.0.103,B14,4,front_4,5,2,front_continuous_pad_feedback_positive_y_250cm,2026-08-29T16:29:42.547,30.132,10.51,81,81,0
20260829_162912,front_50_head_lv1_high_new_001,front,head wind,Level1,50,high,85,2,drone_5,192.168.0.104,B12,5,front_5,6,3,front_continuous_pad_feedback_positive_y_250cm,2026-08-29T16:29:42.547,30.132,10.51,79,79,0
20260829_162912,front_50_head_lv1_high_new_001,front,head wind,Level1,50,high,85,2,drone_1,192.168.0.100,B11,1,front_1,2,7,front_continuous_pad_feedback_positive_y_250cm,2026-08-29T16:29:42.650,30.236,10.614,81,81,0
20260829_162912,front_50_head_lv1_high_new_001,front,head wind,Level1,50,high,85,2,drone_2,192.168.0.101,B10,2,front_2,3,8,front_continuous_pad_feedback_positive_y_250cm,2026-08-29T16:29:42.650,30.236,10.614,77,77,0
20260829_162912,front_50_head_lv1_high_new_001,front,head wind,Level1,50,high,85,2,drone_3,192.168.0.102,B13,3,front_3,4,1,front_continuous_pad_feedback_positive_y_250cm,2026-08-29T16:29:42.650,30.236,10.614,77,80,3
20260829_162912,front_50_head_lv1_high_new_001,front,head wind,Level1,50,high,85,2,drone_4,192.168.0.103,B14,4,front_4,5,2,front_continuous_pad_feedback_positive_y_250cm,2026-08-29T16:29:42.650,30.236,10.614,81,81,0
20260829_162912,front_50_head_lv1_high_new_001,front,head wind,Level1,50,high,85,2,drone_5,192.168.0.104,B12,5,front_5,6,3,front_continuous_pad_feedback_positive_y_250cm,2026-08-29T16:29:42.650,30.236,10.614,79,79,0
20260829_162912,front_50_head_lv1_high_new_001,front,head wind,Level1,50,high,85,2,drone_1,192.168.0.100,B11,1,front_1,2,7,front_continuous_pad_feedback_positive_y_250cm,2026-08-29T16:29:42.758,30.343,10.721,81,81,0
20260829_162912,front_50_head_lv1_high_new_001,front,head wind,Level1,50,high,85,2,drone_2,192.168.0.101,B10,2,front_2,3,8,front_continuous_pad_feedback_positive_y_250cm,2026-08-29T16:29:42.758,30.343,10.721,77,77,0
20260829_162912,front_50_head_lv1_high_new_001,front,head wind,Level1,50,high,85,2,drone_3,192.168.0.102,B13,3,front_3,4,1,front_continuous_pad_feedback_positive_y_250cm,2026-08-29T16:29:42.758,30.343,10.721,77,80,3
20260829_162912,front_50_head_lv1_high_new_001,front,head wind,Level1,50,high,85,2,drone_4,192.168.0.103,B14,4,front_4,5,2,front_continuous_pad_feedback_positive_y_250cm,2026-08-29T16:29:42.758,30.343,10.721,81,81,0
20260829_162912,front_50_head_lv1_high_new_001,front,head wind,Level1,50,high,85,2,drone_5,192.168.0.104,B12,5,front_5,6,3,front_continuous_pad_feedback_positive_y_250cm,2026-08-29T16:29:42.758,30.343,10.721,79,79,0
20260829_162912,front_50_head_lv1_high_new_001,front,head wind,Level1,50,high,85,2,drone_1,192.168.0.100,B11,1,front_1,2,7,front_continuous_pad_feedback_positive_y_250cm,2026-08-29T16:29:42.864,30.449,10.827,81,81,0
20260829_162912,front_50_head_lv1_high_new_001,front,head wind,Level1,50,high,85,2,drone_2,192.168.0.101,B10,2,front_2,3,8,front_continuous_pad_feedback_positive_y_250cm,2026-08-29T16:29:42.864,30.449,10.827,77,77,0
20260829_162912,front_50_head_lv1_high_new_001,front,head wind,Level1,50,high,85,2,drone_3,192.168.0.102,B13,3,front_3,4,1,front_continuous_pad_feedback_positive_y_250cm,2026-08-29T16:29:42.864,30.449,10.827,77,80,3
20260829_162912,front_50_head_lv1_high_new_001,front,head wind,Level1,50,high,85,2,drone_4,192.168.0.103,B14,4,front_4,5,2,front_continuous_pad_feedback_positive_y_250cm,2026-08-29T16:29:42.864,30.449,10.827,81,81,0
20260829_162912,front_50_head_lv1_high_new_001,front,head wind,Level1,50,high,85,2,drone_5,192.168.0.104,B12,5,front_5,6,3,front_continuous_pad_feedback_positive_y_250cm,2026-08-29T16:29:42.864,30.449,10.827,79,79,0
20260829_162912,front_50_head_lv1_high_new_001,front,head wind,Level1,50,high,85,2,drone_1,192.168.0.100,B11,1,front_1,2,7,front_continuous_pad_feedback_positive_y_250cm,2026-08-29T16:29:42.967,30.553,10.931,81,81,0
20260829_162912,front_50_head_lv1_high_new_001,front,head wind,Level1,50,high,85,2,drone_2,192.168.0.101,B10,2,front_2,3,8,front_continuous_pad_feedback_positive_y_250cm,2026-08-29T16:29:42.967,30.553,10.931,77,77,0
20260829_162912,front_50_head_lv1_high_new_001,front,head wind,Level1,50,high,85,2,drone_3,192.168.0.102,B13,3,front_3,4,1,front_continuous_pad_feedback_positive_y_250cm,2026-08-29T16:29:42.967,30.553,10.931,77,80,3
20260829_162912,front_50_head_lv1_high_new_001,front,head wind,Level1,50,high,85,2,drone_4,192.168.0.103,B14,4,front_4,5,2,front_continuous_pad_feedback_positive_y_250cm,2026-08-29T16:29:42.967,30.553,10.931,81,81,0
20260829_162912,front_50_head_lv1_high_new_001,front,head wind,Level1,50,high,85,2,drone_5,192.168.0.104,B12,5,front_5,6,3,front_continuous_pad_feedback_positive_y_250cm,2026-08-29T16:29:42.967,30.553,10.931,79,79,0
20260829_162912,front_50_head_lv1_high_new_001,front,head wind,Level1,50,high,85,2,drone_1,192.168.0.100,B11,1,front_1,2,7,front_continuous_pad_feedback_positive_y_250cm,2026-08-29T16:29:43.078,30.663,11.041,81,81,0
20260829_162912,front_50_head_lv1_high_new_001,front,head wind,Level1,50,high,85,2,drone_2,192.168.0.101,B10,2,front_2,3,8,front_continuous_pad_feedback_positive_y_250cm,2026-08-29T16:29:43.078,30.663,11.041,77,77,0
20260829_162912,front_50_head_lv1_high_new_001,front,head wind,Level1,50,high,85,2,drone_3,192.168.0.102,B13,3,front_3,4,1,front_continuous_pad_feedback_positive_y_250cm,2026-08-29T16:29:43.078,30.663,11.041,77,80,3
20260829_162912,front_50_head_lv1_high_new_001,front,head wind,Level1,50,high,85,2,drone_4,192.168.0.103,B14,4,front_4,5,2,front_continuous_pad_feedback_positive_y_250cm,2026-08-29T16:29:43.078,30.663,11.041,81,81,0
20260829_162912,front_50_head_lv1_high_new_001,front,head wind,Level1,50,high,85,2,drone_5,192.168.0.104,B12,5,front_5,6,3,front_continuous_pad_feedback_positive_y_250cm,2026-08-29T16:29:43.078,30.663,11.041,79,79,0
20260829_162912,front_50_head_lv1_high_new_001,front,head wind,Level1,50,high,85,2,drone_1,192.168.0.100,B11,1,front_1,2,7,front_continuous_pad_feedback_positive_y_250cm,2026-08-29T16:29:43.183,30.768,11.147,81,81,0
20260829_162912,front_50_head_lv1_high_new_001,front,head wind,Level1,50,high,85,2,drone_2,192.168.0.101,B10,2,front_2,3,8,front_continuous_pad_feedback_positive_y_250cm,2026-08-29T16:29:43.183,30.768,11.147,77,77,0
20260829_162912,front_50_head_lv1_high_new_001,front,head wind,Level1,50,high,85,2,drone_3,192.168.0.102,B13,3,front_3,4,1,front_continuous_pad_feedback_positive_y_250cm,2026-08-29T16:29:43.183,30.768,11.147,77,80,3
20260829_162912,front_50_head_lv1_high_new_001,front,head wind,Level1,50,high,85,2,drone_4,192.168.0.103,B14,4,front_4,5,2,front_continuous_pad_feedback_positive_y_250cm,2026-08-29T16:29:43.183,30.768,11.147,81,81,0
20260829_162912,front_50_head_lv1_high_new_001,front,head wind,Level1,50,high,85,2,drone_5,192.168.0.104,B12,5,front_5,6,3,front_continuous_pad_feedback_positive_y_250cm,2026-08-29T16:29:43.183,30.768,11.147,79,79,0
20260829_162912,front_50_head_lv1_high_new_001,front,head wind,Level1,50,high,85,2,drone_1,192.168.0.100,B11,1,front_1,2,7,front_continuous_pad_feedback_positive_y_250cm,2026-08-29T16:29:43.292,30.877,11.255,81,81,0
20260829_162912,front_50_head_lv1_high_new_001,front,head wind,Level1,50,high,85,2,drone_2,192.168.0.101,B10,2,front_2,3,8,front_continuous_pad_feedback_positive_y_250cm,2026-08-29T16:29:43.292,30.877,11.255,77,77,0
20260829_162912,front_50_head_lv1_high_new_001,front,head wind,Level1,50,high,85,2,drone_3,192.168.0.102,B13,3,front_3,4,1,front_continuous_pad_feedback_positive_y_250cm,2026-08-29T16:29:43.292,30.877,11.255,77,80,3
20260829_162912,front_50_head_lv1_high_new_001,front,head wind,Level1,50,high,85,2,drone_4,192.168.0.103,B14,4,front_4,5,2,front_continuous_pad_feedback_positive_y_250cm,2026-08-29T16:29:43.292,30.877,11.255,81,81,0
20260829_162912,front_50_head_lv1_high_new_001,front,head wind,Level1,50,high,85,2,drone_5,192.168.0.104,B12,5,front_5,6,3,front_continuous_pad_feedback_positive_y_250cm,2026-08-29T16:29:43.292,30.877,11.255,79,79,0
20260829_162912,front_50_head_lv1_high_new_001,front,head wind,Level1,50,high,85,2,drone_1,192.168.0.100,B11,1,front_1,2,7,front_continuous_pad_feedback_positive_y_250cm,2026-08-29T16:29:43.400,30.985,11.363,81,81,0
20260829_162912,front_50_head_lv1_high_new_001,front,head wind,Level1,50,high,85,2,drone_2,192.168.0.101,B10,2,front_2,3,8,front_continuous_pad_feedback_positive_y_250cm,2026-08-29T16:29:43.400,30.985,11.363,77,77,0
20260829_162912,front_50_head_lv1_high_new_001,front,head wind,Level1,50,high,85,2,drone_3,192.168.0.102,B13,3,front_3,4,1,front_continuous_pad_feedback_positive_y_250cm,2026-08-29T16:29:43.400,30.985,11.363,77,80,3
20260829_162912,front_50_head_lv1_high_new_001,front,head wind,Level1,50,high,85,2,drone_4,192.168.0.103,B14,4,front_4,5,2,front_continuous_pad_feedback_positive_y_250cm,2026-08-29T16:29:43.400,30.985,11.363,81,81,0
20260829_162912,front_50_head_lv1_high_new_001,front,head wind,Level1,50,high,85,2,drone_5,192.168.0.104,B12,5,front_5,6,3,front_continuous_pad_feedback_positive_y_250cm,2026-08-29T16:29:43.400,30.985,11.363,79,79,0
20260829_162912,front_50_head_lv1_high_new_001,front,head wind,Level1,50,high,85,2,drone_1,192.168.0.100,B11,1,front_1,2,7,front_continuous_pad_feedback_positive_y_250cm,2026-08-29T16:29:43.508,31.093,11.472,81,81,0
20260829_162912,front_50_head_lv1_high_new_001,front,head wind,Level1,50,high,85,2,drone_2,192.168.0.101,B10,2,front_2,3,8,front_continuous_pad_feedback_positive_y_250cm,2026-08-29T16:29:43.508,31.093,11.472,77,77,0
20260829_162912,front_50_head_lv1_high_new_001,front,head wind,Level1,50,high,85,2,drone_3,192.168.0.102,B13,3,front_3,4,1,front_continuous_pad_feedback_positive_y_250cm,2026-08-29T16:29:43.508,31.093,11.472,77,80,3
20260829_162912,front_50_head_lv1_high_new_001,front,head wind,Level1,50,high,85,2,drone_4,192.168.0.103,B14,4,front_4,5,2,front_continuous_pad_feedback_positive_y_250cm,2026-08-29T16:29:43.508,31.093,11.472,81,81,0
20260829_162912,front_50_head_lv1_high_new_001,front,head wind,Level1,50,high,85,2,drone_5,192.168.0.104,B12,5,front_5,6,3,front_continuous_pad_feedback_positive_y_250cm,2026-08-29T16:29:43.508,31.093,11.472,79,79,0
20260829_162912,front_50_head_lv1_high_new_001,front,head wind,Level1,50,high,85,2,drone_1,192.168.0.100,B11,1,front_1,2,7,front_continuous_pad_feedback_positive_y_250cm,2026-08-29T16:29:43.616,31.202,11.58,81,81,0
20260829_162912,front_50_head_lv1_high_new_001,front,head wind,Level1,50,high,85,2,drone_2,192.168.0.101,B10,2,front_2,3,8,front_continuous_pad_feedback_positive_y_250cm,2026-08-29T16:29:43.616,31.202,11.58,77,77,0
20260829_162912,front_50_head_lv1_high_new_001,front,head wind,Level1,50,high,85,2,drone_3,192.168.0.102,B13,3,front_3,4,1,front_continuous_pad_feedback_positive_y_250cm,2026-08-29T16:29:43.616,31.202,11.58,77,80,3
20260829_162912,front_50_head_lv1_high_new_001,front,head wind,Level1,50,high,85,2,drone_4,192.168.0.103,B14,4,front_4,5,2,front_continuous_pad_feedback_positive_y_250cm,2026-08-29T16:29:43.616,31.202,11.58,81,81,0
20260829_162912,front_50_head_lv1_high_new_001,front,head wind,Level1,50,high,85,2,drone_5,192.168.0.104,B12,5,front_5,6,3,front_continuous_pad_feedback_positive_y_250cm,2026-08-29T16:29:43.616,31.202,11.58,79,79,0
20260829_162912,front_50_head_lv1_high_new_001,front,head wind,Level1,50,high,85,2,drone_1,192.168.0.100,B11,1,front_1,2,7,front_continuous_pad_feedback_positive_y_250cm,2026-08-29T16:29:43.724,31.309,11.687,81,81,0
20260829_162912,front_50_head_lv1_high_new_001,front,head wind,Level1,50,high,85,2,drone_2,192.168.0.101,B10,2,front_2,3,8,front_continuous_pad_feedback_positive_y_250cm,2026-08-29T16:29:43.724,31.309,11.687,77,77,0
20260829_162912,front_50_head_lv1_high_new_001,front,head wind,Level1,50,high,85,2,drone_3,192.168.0.102,B13,3,front_3,4,1,front_continuous_pad_feedback_positive_y_250cm,2026-08-29T16:29:43.724,31.309,11.687,77,80,3
20260829_162912,front_50_head_lv1_high_new_001,front,head wind,Level1,50,high,85,2,drone_4,192.168.0.103,B14,4,front_4,5,2,front_continuous_pad_feedback_positive_y_250cm,2026-08-29T16:29:43.724,31.309,11.687,81,81,0
20260829_162912,front_50_head_lv1_high_new_001,front,head wind,Level1,50,high,85,2,drone_5,192.168.0.104,B12,5,front_5,6,3,front_continuous_pad_feedback_positive_y_250cm,2026-08-29T16:29:43.724,31.309,11.687,79,79,0
20260829_162912,front_50_head_lv1_high_new_001,front,head wind,Level1,50,high,85,2,drone_1,192.168.0.100,B11,1,front_1,2,7,front_continuous_pad_feedback_positive_y_250cm,2026-08-29T16:29:43.832,31.418,11.796,81,81,0
20260829_162912,front_50_head_lv1_high_new_001,front,head wind,Level1,50,high,85,2,drone_2,192.168.0.101,B10,2,front_2,3,8,front_continuous_pad_feedback_positive_y_250cm,2026-08-29T16:29:43.832,31.418,11.796,77,77,0
20260829_162912,front_50_head_lv1_high_new_001,front,head wind,Level1,50,high,85,2,drone_3,192.168.0.102,B13,3,front_3,4,1,front_continuous_pad_feedback_positive_y_250cm,2026-08-29T16:29:43.832,31.418,11.796,76,80,4
20260829_162912,front_50_head_lv1_high_new_001,front,head wind,Level1,50,high,85,2,drone_4,192.168.0.103,B14,4,front_4,5,2,front_continuous_pad_feedback_positive_y_250cm,2026-08-29T16:29:43.832,31.418,11.796,81,81,0
20260829_162912,front_50_head_lv1_high_new_001,front,head wind,Level1,50,high,85,2,drone_5,192.168.0.104,B12,5,front_5,6,3,front_continuous_pad_feedback_positive_y_250cm,2026-08-29T16:29:43.832,31.418,11.796,79,79,0
20260829_162912,front_50_head_lv1_high_new_001,front,head wind,Level1,50,high,85,2,drone_1,192.168.0.100,B11,1,front_1,2,7,front_continuous_pad_feedback_positive_y_250cm,2026-08-29T16:29:43.939,31.524,11.902,81,81,0
20260829_162912,front_50_head_lv1_high_new_001,front,head wind,Level1,50,high,85,2,drone_2,192.168.0.101,B10,2,front_2,3,8,front_continuous_pad_feedback_positive_y_250cm,2026-08-29T16:29:43.939,31.524,11.902,77,77,0
20260829_162912,front_50_head_lv1_high_new_001,front,head wind,Level1,50,high,85,2,drone_3,192.168.0.102,B13,3,front_3,4,1,front_continuous_pad_feedback_positive_y_250cm,2026-08-29T16:29:43.939,31.524,11.902,76,80,4
20260829_162912,front_50_head_lv1_high_new_001,front,head wind,Level1,50,high,85,2,drone_4,192.168.0.103,B14,4,front_4,5,2,front_continuous_pad_feedback_positive_y_250cm,2026-08-29T16:29:43.939,31.524,11.902,81,81,0
20260829_162912,front_50_head_lv1_high_new_001,front,head wind,Level1,50,high,85,2,drone_5,192.168.0.104,B12,5,front_5,6,3,front_continuous_pad_feedback_positive_y_250cm,2026-08-29T16:29:43.939,31.524,11.902,79,79,0
20260829_162912,front_50_head_lv1_high_new_001,front,head wind,Level1,50,high,85,2,drone_1,192.168.0.100,B11,1,front_1,2,7,front_continuous_pad_feedback_positive_y_250cm,2026-08-29T16:29:44.044,31.63,12.008,81,81,0
20260829_162912,front_50_head_lv1_high_new_001,front,head wind,Level1,50,high,85,2,drone_2,192.168.0.101,B10,2,front_2,3,8,front_continuous_pad_feedback_positive_y_250cm,2026-08-29T16:29:44.044,31.63,12.008,77,77,0
20260829_162912,front_50_head_lv1_high_new_001,front,head wind,Level1,50,high,85,2,drone_3,192.168.0.102,B13,3,front_3,4,1,front_continuous_pad_feedback_positive_y_250cm,2026-08-29T16:29:44.044,31.63,12.008,76,80,4
20260829_162912,front_50_head_lv1_high_new_001,front,head wind,Level1,50,high,85,2,drone_4,192.168.0.103,B14,4,front_4,5,2,front_continuous_pad_feedback_positive_y_250cm,2026-08-29T16:29:44.044,31.63,12.008,81,81,0
20260829_162912,front_50_head_lv1_high_new_001,front,head wind,Level1,50,high,85,2,drone_5,192.168.0.104,B12,5,front_5,6,3,front_continuous_pad_feedback_positive_y_250cm,2026-08-29T16:29:44.044,31.63,12.008,79,79,0
20260829_162912,front_50_head_lv1_high_new_001,front,head wind,Level1,50,high,85,2,drone_1,192.168.0.100,B11,1,front_1,2,7,front_continuous_pad_feedback_positive_y_250cm,2026-08-29T16:29:44.150,31.735,12.113,81,81,0
20260829_162912,front_50_head_lv1_high_new_001,front,head wind,Level1,50,high,85,2,drone_2,192.168.0.101,B10,2,front_2,3,8,front_continuous_pad_feedback_positive_y_250cm,2026-08-29T16:29:44.150,31.735,12.113,77,77,0
20260829_162912,front_50_head_lv1_high_new_001,front,head wind,Level1,50,high,85,2,drone_3,192.168.0.102,B13,3,front_3,4,1,front_continuous_pad_feedback_positive_y_250cm,2026-08-29T16:29:44.150,31.735,12.113,76,80,4
20260829_162912,front_50_head_lv1_high_new_001,front,head wind,Level1,50,high,85,2,drone_4,192.168.0.103,B14,4,front_4,5,2,front_continuous_pad_feedback_positive_y_250cm,2026-08-29T16:29:44.150,31.735,12.113,81,81,0
20260829_162912,front_50_head_lv1_high_new_001,front,head wind,Level1,50,high,85,2,drone_5,192.168.0.104,B12,5,front_5,6,3,front_continuous_pad_feedback_positive_y_250cm,2026-08-29T16:29:44.150,31.735,12.113,79,79,0
20260829_162912,front_50_head_lv1_high_new_001,front,head wind,Level1,50,high,85,2,drone_1,192.168.0.100,B11,1,front_1,2,7,front_continuous_pad_feedback_positive_y_250cm,2026-08-29T16:29:44.258,31.844,12.222,81,81,0
20260829_162912,front_50_head_lv1_high_new_001,front,head wind,Level1,50,high,85,2,drone_2,192.168.0.101,B10,2,front_2,3,8,front_continuous_pad_feedback_positive_y_250cm,2026-08-29T16:29:44.258,31.844,12.222,77,77,0
20260829_162912,front_50_head_lv1_high_new_001,front,head wind,Level1,50,high,85,2,drone_3,192.168.0.102,B13,3,front_3,4,1,front_continuous_pad_feedback_positive_y_250cm,2026-08-29T16:29:44.258,31.844,12.222,76,80,4
20260829_162912,front_50_head_lv1_high_new_001,front,head wind,Level1,50,high,85,2,drone_4,192.168.0.103,B14,4,front_4,5,2,front_continuous_pad_feedback_positive_y_250cm,2026-08-29T16:29:44.258,31.844,12.222,81,81,0
20260829_162912,front_50_head_lv1_high_new_001,front,head wind,Level1,50,high,85,2,drone_5,192.168.0.104,B12,5,front_5,6,3,front_continuous_pad_feedback_positive_y_250cm,2026-08-29T16:29:44.258,31.844,12.222,79,79,0
20260829_162912,front_50_head_lv1_high_new_001,front,head wind,Level1,50,high,85,2,drone_1,192.168.0.100,B11,1,front_1,2,7,front_continuous_pad_feedback_positive_y_250cm,2026-08-29T16:29:44.364,31.95,12.328,81,81,0
20260829_162912,front_50_head_lv1_high_new_001,front,head wind,Level1,50,high,85,2,drone_2,192.168.0.101,B10,2,front_2,3,8,front_continuous_pad_feedback_positive_y_250cm,2026-08-29T16:29:44.364,31.95,12.328,77,77,0
20260829_162912,front_50_head_lv1_high_new_001,front,head wind,Level1,50,high,85,2,drone_3,192.168.0.102,B13,3,front_3,4,1,front_continuous_pad_feedback_positive_y_250cm,2026-08-29T16:29:44.364,31.95,12.328,76,80,4
20260829_162912,front_50_head_lv1_high_new_001,front,head wind,Level1,50,high,85,2,drone_4,192.168.0.103,B14,4,front_4,5,2,front_continuous_pad_feedback_positive_y_250cm,2026-08-29T16:29:44.364,31.95,12.328,81,81,0
20260829_162912,front_50_head_lv1_high_new_001,front,head wind,Level1,50,high,85,2,drone_5,192.168.0.104,B12,5,front_5,6,3,front_continuous_pad_feedback_positive_y_250cm,2026-08-29T16:29:44.364,31.95,12.328,79,79,0
20260829_162912,front_50_head_lv1_high_new_001,front,head wind,Level1,50,high,85,2,drone_1,192.168.0.100,B11,1,front_1,2,7,front_continuous_pad_feedback_positive_y_250cm,2026-08-29T16:29:44.471,32.056,12.435,81,81,0
20260829_162912,front_50_head_lv1_high_new_001,front,head wind,Level1,50,high,85,2,drone_2,192.168.0.101,B10,2,front_2,3,8,front_continuous_pad_feedback_positive_y_250cm,2026-08-29T16:29:44.471,32.056,12.435,77,77,0
20260829_162912,front_50_head_lv1_high_new_001,front,head wind,Level1,50,high,85,2,drone_3,192.168.0.102,B13,3,front_3,4,1,front_continuous_pad_feedback_positive_y_250cm,2026-08-29T16:29:44.471,32.056,12.435,76,80,4
20260829_162912,front_50_head_lv1_high_new_001,front,head wind,Level1,50,high,85,2,drone_4,192.168.0.103,B14,4,front_4,5,2,front_continuous_pad_feedback_positive_y_250cm,2026-08-29T16:29:44.471,32.056,12.435,81,81,0
20260829_162912,front_50_head_lv1_high_new_001,front,head wind,Level1,50,high,85,2,drone_5,192.168.0.104,B12,5,front_5,6,3,front_continuous_pad_feedback_positive_y_250cm,2026-08-29T16:29:44.471,32.056,12.435,79,79,0
20260829_162912,front_50_head_lv1_high_new_001,front,head wind,Level1,50,high,85,2,drone_1,192.168.0.100,B11,1,front_1,2,7,front_continuous_pad_feedback_positive_y_250cm,2026-08-29T16:29:44.578,32.163,12.542,81,81,0
20260829_162912,front_50_head_lv1_high_new_001,front,head wind,Level1,50,high,85,2,drone_2,192.168.0.101,B10,2,front_2,3,8,front_continuous_pad_feedback_positive_y_250cm,2026-08-29T16:29:44.578,32.163,12.542,77,77,0
20260829_162912,front_50_head_lv1_high_new_001,front,head wind,Level1,50,high,85,2,drone_3,192.168.0.102,B13,3,front_3,4,1,front_continuous_pad_feedback_positive_y_250cm,2026-08-29T16:29:44.578,32.163,12.542,76,80,4
20260829_162912,front_50_head_lv1_high_new_001,front,head wind,Level1,50,high,85,2,drone_4,192.168.0.103,B14,4,front_4,5,2,front_continuous_pad_feedback_positive_y_250cm,2026-08-29T16:29:44.578,32.163,12.542,81,81,0
20260829_162912,front_50_head_lv1_high_new_001,front,head wind,Level1,50,high,85,2,drone_5,192.168.0.104,B12,5,front_5,6,3,front_continuous_pad_feedback_positive_y_250cm,2026-08-29T16:29:44.578,32.163,12.542,79,79,0
20260829_162912,front_50_head_lv1_high_new_001,front,head wind,Level1,50,high,85,2,drone_1,192.168.0.100,B11,1,front_1,2,7,front_continuous_pad_feedback_positive_y_250cm,2026-08-29T16:29:44.686,32.272,12.65,81,81,0
20260829_162912,front_50_head_lv1_high_new_001,front,head wind,Level1,50,high,85,2,drone_2,192.168.0.101,B10,2,front_2,3,8,front_continuous_pad_feedback_positive_y_250cm,2026-08-29T16:29:44.686,32.272,12.65,77,77,0
20260829_162912,front_50_head_lv1_high_new_001,front,head wind,Level1,50,high,85,2,drone_3,192.168.0.102,B13,3,front_3,4,1,front_continuous_pad_feedback_positive_y_250cm,2026-08-29T16:29:44.686,32.272,12.65,76,80,4
20260829_162912,front_50_head_lv1_high_new_001,front,head wind,Level1,50,high,85,2,drone_4,192.168.0.103,B14,4,front_4,5,2,front_continuous_pad_feedback_positive_y_250cm,2026-08-29T16:29:44.686,32.272,12.65,81,81,0
20260829_162912,front_50_head_lv1_high_new_001,front,head wind,Level1,50,high,85,2,drone_5,192.168.0.104,B12,5,front_5,6,3,front_continuous_pad_feedback_positive_y_250cm,2026-08-29T16:29:44.686,32.272,12.65,79,79,0
20260829_162912,front_50_head_lv1_high_new_001,front,head wind,Level1,50,high,85,2,drone_1,192.168.0.100,B11,1,front_1,2,7,front_continuous_pad_feedback_positive_y_250cm,2026-08-29T16:29:44.793,32.378,12.756,81,81,0
20260829_162912,front_50_head_lv1_high_new_001,front,head wind,Level1,50,high,85,2,drone_2,192.168.0.101,B10,2,front_2,3,8,front_continuous_pad_feedback_positive_y_250cm,2026-08-29T16:29:44.793,32.378,12.756,77,77,0
20260829_162912,front_50_head_lv1_high_new_001,front,head wind,Level1,50,high,85,2,drone_3,192.168.0.102,B13,3,front_3,4,1,front_continuous_pad_feedback_positive_y_250cm,2026-08-29T16:29:44.793,32.378,12.756,76,80,4
20260829_162912,front_50_head_lv1_high_new_001,front,head wind,Level1,50,high,85,2,drone_4,192.168.0.103,B14,4,front_4,5,2,front_continuous_pad_feedback_positive_y_250cm,2026-08-29T16:29:44.793,32.378,12.756,81,81,0
20260829_162912,front_50_head_lv1_high_new_001,front,head wind,Level1,50,high,85,2,drone_5,192.168.0.104,B12,5,front_5,6,3,front_continuous_pad_feedback_positive_y_250cm,2026-08-29T16:29:44.793,32.378,12.756,79,79,0
20260829_162912,front_50_head_lv1_high_new_001,front,head wind,Level1,50,high,85,2,drone_1,192.168.0.100,B11,1,front_1,2,7,front_continuous_pad_feedback_positive_y_250cm,2026-08-29T16:29:44.896,32.481,12.859,81,81,0
20260829_162912,front_50_head_lv1_high_new_001,front,head wind,Level1,50,high,85,2,drone_2,192.168.0.101,B10,2,front_2,3,8,front_continuous_pad_feedback_positive_y_250cm,2026-08-29T16:29:44.896,32.481,12.859,77,77,0
20260829_162912,front_50_head_lv1_high_new_001,front,head wind,Level1,50,high,85,2,drone_3,192.168.0.102,B13,3,front_3,4,1,front_continuous_pad_feedback_positive_y_250cm,2026-08-29T16:29:44.896,32.481,12.859,76,80,4
20260829_162912,front_50_head_lv1_high_new_001,front,head wind,Level1,50,high,85,2,drone_4,192.168.0.103,B14,4,front_4,5,2,front_continuous_pad_feedback_positive_y_250cm,2026-08-29T16:29:44.896,32.481,12.859,81,81,0
20260829_162912,front_50_head_lv1_high_new_001,front,head wind,Level1,50,high,85,2,drone_5,192.168.0.104,B12,5,front_5,6,3,front_continuous_pad_feedback_positive_y_250cm,2026-08-29T16:29:44.896,32.481,12.859,79,79,0
20260829_162912,front_50_head_lv1_high_new_001,front,head wind,Level1,50,high,85,2,drone_1,192.168.0.100,B11,1,front_1,2,7,front_continuous_pad_feedback_positive_y_250cm,2026-08-29T16:29:45.002,32.587,12.965,81,81,0
20260829_162912,front_50_head_lv1_high_new_001,front,head wind,Level1,50,high,85,2,drone_2,192.168.0.101,B10,2,front_2,3,8,front_continuous_pad_feedback_positive_y_250cm,2026-08-29T16:29:45.002,32.587,12.965,77,77,0
20260829_162912,front_50_head_lv1_high_new_001,front,head wind,Level1,50,high,85,2,drone_3,192.168.0.102,B13,3,front_3,4,1,front_continuous_pad_feedback_positive_y_250cm,2026-08-29T16:29:45.002,32.587,12.965,76,80,4
20260829_162912,front_50_head_lv1_high_new_001,front,head wind,Level1,50,high,85,2,drone_4,192.168.0.103,B14,4,front_4,5,2,front_continuous_pad_feedback_positive_y_250cm,2026-08-29T16:29:45.002,32.587,12.965,81,81,0
20260829_162912,front_50_head_lv1_high_new_001,front,head wind,Level1,50,high,85,2,drone_5,192.168.0.104,B12,5,front_5,6,3,front_continuous_pad_feedback_positive_y_250cm,2026-08-29T16:29:45.002,32.587,12.965,79,79,0
20260829_162912,front_50_head_lv1_high_new_001,front,head wind,Level1,50,high,85,2,drone_1,192.168.0.100,B11,1,front_1,2,7,front_continuous_pad_feedback_positive_y_250cm,2026-08-29T16:29:45.106,32.692,13.07,81,81,0
20260829_162912,front_50_head_lv1_high_new_001,front,head wind,Level1,50,high,85,2,drone_2,192.168.0.101,B10,2,front_2,3,8,front_continuous_pad_feedback_positive_y_250cm,2026-08-29T16:29:45.106,32.692,13.07,77,77,0
20260829_162912,front_50_head_lv1_high_new_001,front,head wind,Level1,50,high,85,2,drone_3,192.168.0.102,B13,3,front_3,4,1,front_continuous_pad_feedback_positive_y_250cm,2026-08-29T16:29:45.106,32.692,13.07,76,80,4
20260829_162912,front_50_head_lv1_high_new_001,front,head wind,Level1,50,high,85,2,drone_4,192.168.0.103,B14,4,front_4,5,2,front_continuous_pad_feedback_positive_y_250cm,2026-08-29T16:29:45.106,32.692,13.07,81,81,0
20260829_162912,front_50_head_lv1_high_new_001,front,head wind,Level1,50,high,85,2,drone_5,192.168.0.104,B12,5,front_5,6,3,front_continuous_pad_feedback_positive_y_250cm,2026-08-29T16:29:45.106,32.692,13.07,79,79,0
20260829_162912,front_50_head_lv1_high_new_001,front,head wind,Level1,50,high,85,2,drone_1,192.168.0.100,B11,1,front_1,2,7,front_continuous_pad_feedback_positive_y_250cm,2026-08-29T16:29:45.212,32.798,13.176,81,81,0
20260829_162912,front_50_head_lv1_high_new_001,front,head wind,Level1,50,high,85,2,drone_2,192.168.0.101,B10,2,front_2,3,8,front_continuous_pad_feedback_positive_y_250cm,2026-08-29T16:29:45.212,32.798,13.176,77,77,0
20260829_162912,front_50_head_lv1_high_new_001,front,head wind,Level1,50,high,85,2,drone_3,192.168.0.102,B13,3,front_3,4,1,front_continuous_pad_feedback_positive_y_250cm,2026-08-29T16:29:45.212,32.798,13.176,76,80,4
20260829_162912,front_50_head_lv1_high_new_001,front,head wind,Level1,50,high,85,2,drone_4,192.168.0.103,B14,4,front_4,5,2,front_continuous_pad_feedback_positive_y_250cm,2026-08-29T16:29:45.212,32.798,13.176,81,81,0
20260829_162912,front_50_head_lv1_high_new_001,front,head wind,Level1,50,high,85,2,drone_5,192.168.0.104,B12,5,front_5,6,3,front_continuous_pad_feedback_positive_y_250cm,2026-08-29T16:29:45.212,32.798,13.176,79,79,0
20260829_162912,front_50_head_lv1_high_new_001,front,head wind,Level1,50,high,85,2,drone_1,192.168.0.100,B11,1,front_1,2,7,front_continuous_pad_feedback_positive_y_250cm,2026-08-29T16:29:45.321,32.906,13.284,81,81,0
20260829_162912,front_50_head_lv1_high_new_001,front,head wind,Level1,50,high,85,2,drone_2,192.168.0.101,B10,2,front_2,3,8,front_continuous_pad_feedback_positive_y_250cm,2026-08-29T16:29:45.321,32.906,13.284,77,77,0
20260829_162912,front_50_head_lv1_high_new_001,front,head wind,Level1,50,high,85,2,drone_3,192.168.0.102,B13,3,front_3,4,1,front_continuous_pad_feedback_positive_y_250cm,2026-08-29T16:29:45.321,32.906,13.284,76,80,4
20260829_162912,front_50_head_lv1_high_new_001,front,head wind,Level1,50,high,85,2,drone_4,192.168.0.103,B14,4,front_4,5,2,front_continuous_pad_feedback_positive_y_250cm,2026-08-29T16:29:45.321,32.906,13.284,81,81,0
20260829_162912,front_50_head_lv1_high_new_001,front,head wind,Level1,50,high,85,2,drone_5,192.168.0.104,B12,5,front_5,6,3,front_continuous_pad_feedback_positive_y_250cm,2026-08-29T16:29:45.321,32.906,13.284,79,79,0
20260829_162912,front_50_head_lv1_high_new_001,front,head wind,Level1,50,high,85,2,drone_1,192.168.0.100,B11,1,front_1,2,7,front_continuous_pad_feedback_positive_y_250cm,2026-08-29T16:29:45.429,33.014,13.392,81,81,0
20260829_162912,front_50_head_lv1_high_new_001,front,head wind,Level1,50,high,85,2,drone_2,192.168.0.101,B10,2,front_2,3,8,front_continuous_pad_feedback_positive_y_250cm,2026-08-29T16:29:45.429,33.014,13.392,77,77,0
20260829_162912,front_50_head_lv1_high_new_001,front,head wind,Level1,50,high,85,2,drone_3,192.168.0.102,B13,3,front_3,4,1,front_continuous_pad_feedback_positive_y_250cm,2026-08-29T16:29:45.429,33.014,13.392,76,80,4
20260829_162912,front_50_head_lv1_high_new_001,front,head wind,Level1,50,high,85,2,drone_4,192.168.0.103,B14,4,front_4,5,2,front_continuous_pad_feedback_positive_y_250cm,2026-08-29T16:29:45.429,33.014,13.392,81,81,0
20260829_162912,front_50_head_lv1_high_new_001,front,head wind,Level1,50,high,85,2,drone_5,192.168.0.104,B12,5,front_5,6,3,front_continuous_pad_feedback_positive_y_250cm,2026-08-29T16:29:45.429,33.014,13.392,79,79,0
20260829_162912,front_50_head_lv1_high_new_001,front,head wind,Level1,50,high,85,2,drone_1,192.168.0.100,B11,1,front_1,2,7,front_continuous_pad_feedback_positive_y_250cm,2026-08-29T16:29:45.535,33.121,13.499,81,81,0
20260829_162912,front_50_head_lv1_high_new_001,front,head wind,Level1,50,high,85,2,drone_2,192.168.0.101,B10,2,front_2,3,8,front_continuous_pad_feedback_positive_y_250cm,2026-08-29T16:29:45.535,33.121,13.499,77,77,0
20260829_162912,front_50_head_lv1_high_new_001,front,head wind,Level1,50,high,85,2,drone_3,192.168.0.102,B13,3,front_3,4,1,front_continuous_pad_feedback_positive_y_250cm,2026-08-29T16:29:45.535,33.121,13.499,76,80,4
20260829_162912,front_50_head_lv1_high_new_001,front,head wind,Level1,50,high,85,2,drone_4,192.168.0.103,B14,4,front_4,5,2,front_continuous_pad_feedback_positive_y_250cm,2026-08-29T16:29:45.535,33.121,13.499,81,81,0
20260829_162912,front_50_head_lv1_high_new_001,front,head wind,Level1,50,high,85,2,drone_5,192.168.0.104,B12,5,front_5,6,3,front_continuous_pad_feedback_positive_y_250cm,2026-08-29T16:29:45.535,33.121,13.499,79,79,0
20260829_162912,front_50_head_lv1_high_new_001,front,head wind,Level1,50,high,85,2,drone_1,192.168.0.100,B11,1,front_1,2,7,front_continuous_pad_feedback_positive_y_250cm,2026-08-29T16:29:45.640,33.226,13.604,81,81,0
20260829_162912,front_50_head_lv1_high_new_001,front,head wind,Level1,50,high,85,2,drone_2,192.168.0.101,B10,2,front_2,3,8,front_continuous_pad_feedback_positive_y_250cm,2026-08-29T16:29:45.640,33.226,13.604,77,77,0
20260829_162912,front_50_head_lv1_high_new_001,front,head wind,Level1,50,high,85,2,drone_3,192.168.0.102,B13,3,front_3,4,1,front_continuous_pad_feedback_positive_y_250cm,2026-08-29T16:29:45.640,33.226,13.604,76,80,4
20260829_162912,front_50_head_lv1_high_new_001,front,head wind,Level1,50,high,85,2,drone_4,192.168.0.103,B14,4,front_4,5,2,front_continuous_pad_feedback_positive_y_250cm,2026-08-29T16:29:45.640,33.226,13.604,81,81,0
20260829_162912,front_50_head_lv1_high_new_001,front,head wind,Level1,50,high,85,2,drone_5,192.168.0.104,B12,5,front_5,6,3,front_continuous_pad_feedback_positive_y_250cm,2026-08-29T16:29:45.640,33.226,13.604,79,79,0
20260829_162912,front_50_head_lv1_high_new_001,front,head wind,Level1,50,high,85,2,drone_1,192.168.0.100,B11,1,front_1,2,7,front_continuous_pad_feedback_positive_y_250cm,2026-08-29T16:29:45.746,33.332,13.71,81,81,0
20260829_162912,front_50_head_lv1_high_new_001,front,head wind,Level1,50,high,85,2,drone_2,192.168.0.101,B10,2,front_2,3,8,front_continuous_pad_feedback_positive_y_250cm,2026-08-29T16:29:45.746,33.332,13.71,77,77,0
20260829_162912,front_50_head_lv1_high_new_001,front,head wind,Level1,50,high,85,2,drone_3,192.168.0.102,B13,3,front_3,4,1,front_continuous_pad_feedback_positive_y_250cm,2026-08-29T16:29:45.746,33.332,13.71,76,80,4
20260829_162912,front_50_head_lv1_high_new_001,front,head wind,Level1,50,high,85,2,drone_4,192.168.0.103,B14,4,front_4,5,2,front_continuous_pad_feedback_positive_y_250cm,2026-08-29T16:29:45.746,33.332,13.71,81,81,0
20260829_162912,front_50_head_lv1_high_new_001,front,head wind,Level1,50,high,85,2,drone_5,192.168.0.104,B12,5,front_5,6,3,front_continuous_pad_feedback_positive_y_250cm,2026-08-29T16:29:45.746,33.332,13.71,79,79,0
20260829_162912,front_50_head_lv1_high_new_001,front,head wind,Level1,50,high,85,2,drone_1,192.168.0.100,B11,1,front_1,2,7,front_continuous_pad_feedback_positive_y_250cm,2026-08-29T16:29:45.851,33.437,13.815,81,81,0
20260829_162912,front_50_head_lv1_high_new_001,front,head wind,Level1,50,high,85,2,drone_2,192.168.0.101,B10,2,front_2,3,8,front_continuous_pad_feedback_positive_y_250cm,2026-08-29T16:29:45.851,33.437,13.815,77,77,0
20260829_162912,front_50_head_lv1_high_new_001,front,head wind,Level1,50,high,85,2,drone_3,192.168.0.102,B13,3,front_3,4,1,front_continuous_pad_feedback_positive_y_250cm,2026-08-29T16:29:45.851,33.437,13.815,76,80,4
20260829_162912,front_50_head_lv1_high_new_001,front,head wind,Level1,50,high,85,2,drone_4,192.168.0.103,B14,4,front_4,5,2,front_continuous_pad_feedback_positive_y_250cm,2026-08-29T16:29:45.851,33.437,13.815,81,81,0
20260829_162912,front_50_head_lv1_high_new_001,front,head wind,Level1,50,high,85,2,drone_5,192.168.0.104,B12,5,front_5,6,3,front_continuous_pad_feedback_positive_y_250cm,2026-08-29T16:29:45.851,33.437,13.815,79,79,0
20260829_162912,front_50_head_lv1_high_new_001,front,head wind,Level1,50,high,85,2,drone_1,192.168.0.100,B11,1,front_1,2,7,front_continuous_pad_feedback_positive_y_250cm,2026-08-29T16:29:45.957,33.543,13.921,81,81,0
20260829_162912,front_50_head_lv1_high_new_001,front,head wind,Level1,50,high,85,2,drone_2,192.168.0.101,B10,2,front_2,3,8,front_continuous_pad_feedback_positive_y_250cm,2026-08-29T16:29:45.957,33.543,13.921,77,77,0
20260829_162912,front_50_head_lv1_high_new_001,front,head wind,Level1,50,high,85,2,drone_3,192.168.0.102,B13,3,front_3,4,1,front_continuous_pad_feedback_positive_y_250cm,2026-08-29T16:29:45.957,33.543,13.921,76,80,4
20260829_162912,front_50_head_lv1_high_new_001,front,head wind,Level1,50,high,85,2,drone_4,192.168.0.103,B14,4,front_4,5,2,front_continuous_pad_feedback_positive_y_250cm,2026-08-29T16:29:45.957,33.543,13.921,81,81,0
20260829_162912,front_50_head_lv1_high_new_001,front,head wind,Level1,50,high,85,2,drone_5,192.168.0.104,B12,5,front_5,6,3,front_continuous_pad_feedback_positive_y_250cm,2026-08-29T16:29:45.957,33.543,13.921,79,79,0
20260829_162912,front_50_head_lv1_high_new_001,front,head wind,Level1,50,high,85,2,drone_1,192.168.0.100,B11,1,front_1,2,7,front_continuous_pad_feedback_positive_y_250cm,2026-08-29T16:29:46.064,33.65,14.028,81,81,0
20260829_162912,front_50_head_lv1_high_new_001,front,head wind,Level1,50,high,85,2,drone_2,192.168.0.101,B10,2,front_2,3,8,front_continuous_pad_feedback_positive_y_250cm,2026-08-29T16:29:46.064,33.65,14.028,77,77,0
20260829_162912,front_50_head_lv1_high_new_001,front,head wind,Level1,50,high,85,2,drone_3,192.168.0.102,B13,3,front_3,4,1,front_continuous_pad_feedback_positive_y_250cm,2026-08-29T16:29:46.064,33.65,14.028,76,80,4
20260829_162912,front_50_head_lv1_high_new_001,front,head wind,Level1,50,high,85,2,drone_4,192.168.0.103,B14,4,front_4,5,2,front_continuous_pad_feedback_positive_y_250cm,2026-08-29T16:29:46.064,33.65,14.028,81,81,0
20260829_162912,front_50_head_lv1_high_new_001,front,head wind,Level1,50,high,85,2,drone_5,192.168.0.104,B12,5,front_5,6,3,front_continuous_pad_feedback_positive_y_250cm,2026-08-29T16:29:46.064,33.65,14.028,79,79,0
20260829_162912,front_50_head_lv1_high_new_001,front,head wind,Level1,50,high,85,2,drone_1,192.168.0.100,B11,1,front_1,2,7,front_continuous_pad_feedback_positive_y_250cm,2026-08-29T16:29:46.169,33.755,14.133,81,81,0
20260829_162912,front_50_head_lv1_high_new_001,front,head wind,Level1,50,high,85,2,drone_2,192.168.0.101,B10,2,front_2,3,8,front_continuous_pad_feedback_positive_y_250cm,2026-08-29T16:29:46.169,33.755,14.133,77,77,0
20260829_162912,front_50_head_lv1_high_new_001,front,head wind,Level1,50,high,85,2,drone_3,192.168.0.102,B13,3,front_3,4,1,front_continuous_pad_feedback_positive_y_250cm,2026-08-29T16:29:46.169,33.755,14.133,76,80,4
20260829_162912,front_50_head_lv1_high_new_001,front,head wind,Level1,50,high,85,2,drone_4,192.168.0.103,B14,4,front_4,5,2,front_continuous_pad_feedback_positive_y_250cm,2026-08-29T16:29:46.169,33.755,14.133,81,81,0
20260829_162912,front_50_head_lv1_high_new_001,front,head wind,Level1,50,high,85,2,drone_5,192.168.0.104,B12,5,front_5,6,3,front_continuous_pad_feedback_positive_y_250cm,2026-08-29T16:29:46.169,33.755,14.133,79,79,0
20260829_162912,front_50_head_lv1_high_new_001,front,head wind,Level1,50,high,85,2,drone_1,192.168.0.100,B11,1,front_1,2,7,front_continuous_pad_feedback_positive_y_250cm,2026-08-29T16:29:46.272,33.858,14.236,81,81,0
20260829_162912,front_50_head_lv1_high_new_001,front,head wind,Level1,50,high,85,2,drone_2,192.168.0.101,B10,2,front_2,3,8,front_continuous_pad_feedback_positive_y_250cm,2026-08-29T16:29:46.272,33.858,14.236,77,77,0
20260829_162912,front_50_head_lv1_high_new_001,front,head wind,Level1,50,high,85,2,drone_3,192.168.0.102,B13,3,front_3,4,1,front_continuous_pad_feedback_positive_y_250cm,2026-08-29T16:29:46.272,33.858,14.236,76,80,4
20260829_162912,front_50_head_lv1_high_new_001,front,head wind,Level1,50,high,85,2,drone_4,192.168.0.103,B14,4,front_4,5,2,front_continuous_pad_feedback_positive_y_250cm,2026-08-29T16:29:46.272,33.858,14.236,81,81,0
20260829_162912,front_50_head_lv1_high_new_001,front,head wind,Level1,50,high,85,2,drone_5,192.168.0.104,B12,5,front_5,6,3,front_continuous_pad_feedback_positive_y_250cm,2026-08-29T16:29:46.272,33.858,14.236,79,79,0
20260829_162912,front_50_head_lv1_high_new_001,front,head wind,Level1,50,high,85,2,drone_1,192.168.0.100,B11,1,front_1,2,7,front_continuous_pad_feedback_positive_y_250cm,2026-08-29T16:29:46.387,33.972,14.35,81,81,0
20260829_162912,front_50_head_lv1_high_new_001,front,head wind,Level1,50,high,85,2,drone_2,192.168.0.101,B10,2,front_2,3,8,front_continuous_pad_feedback_positive_y_250cm,2026-08-29T16:29:46.387,33.972,14.35,77,77,0
20260829_162912,front_50_head_lv1_high_new_001,front,head wind,Level1,50,high,85,2,drone_3,192.168.0.102,B13,3,front_3,4,1,front_continuous_pad_feedback_positive_y_250cm,2026-08-29T16:29:46.387,33.972,14.35,76,80,4
20260829_162912,front_50_head_lv1_high_new_001,front,head wind,Level1,50,high,85,2,drone_4,192.168.0.103,B14,4,front_4,5,2,front_continuous_pad_feedback_positive_y_250cm,2026-08-29T16:29:46.387,33.972,14.35,81,81,0
20260829_162912,front_50_head_lv1_high_new_001,front,head wind,Level1,50,high,85,2,drone_5,192.168.0.104,B12,5,front_5,6,3,front_continuous_pad_feedback_positive_y_250cm,2026-08-29T16:29:46.387,33.972,14.35,79,79,0
20260829_162912,front_50_head_lv1_high_new_001,front,head wind,Level1,50,high,85,2,drone_1,192.168.0.100,B11,1,front_1,2,7,front_continuous_pad_feedback_positive_y_250cm,2026-08-29T16:29:46.494,34.079,14.457,81,81,0
20260829_162912,front_50_head_lv1_high_new_001,front,head wind,Level1,50,high,85,2,drone_2,192.168.0.101,B10,2,front_2,3,8,front_continuous_pad_feedback_positive_y_250cm,2026-08-29T16:29:46.494,34.079,14.457,77,77,0
20260829_162912,front_50_head_lv1_high_new_001,front,head wind,Level1,50,high,85,2,drone_3,192.168.0.102,B13,3,front_3,4,1,front_continuous_pad_feedback_positive_y_250cm,2026-08-29T16:29:46.494,34.079,14.457,76,80,4
20260829_162912,front_50_head_lv1_high_new_001,front,head wind,Level1,50,high,85,2,drone_4,192.168.0.103,B14,4,front_4,5,2,front_continuous_pad_feedback_positive_y_250cm,2026-08-29T16:29:46.494,34.079,14.457,81,81,0
20260829_162912,front_50_head_lv1_high_new_001,front,head wind,Level1,50,high,85,2,drone_5,192.168.0.104,B12,5,front_5,6,3,front_continuous_pad_feedback_positive_y_250cm,2026-08-29T16:29:46.494,34.079,14.457,79,79,0
20260829_162912,front_50_head_lv1_high_new_001,front,head wind,Level1,50,high,85,2,drone_1,192.168.0.100,B11,1,front_1,2,7,front_continuous_pad_feedback_positive_y_250cm,2026-08-29T16:29:46.601,34.186,14.564,81,81,0
20260829_162912,front_50_head_lv1_high_new_001,front,head wind,Level1,50,high,85,2,drone_2,192.168.0.101,B10,2,front_2,3,8,front_continuous_pad_feedback_positive_y_250cm,2026-08-29T16:29:46.601,34.186,14.564,77,77,0
20260829_162912,front_50_head_lv1_high_new_001,front,head wind,Level1,50,high,85,2,drone_3,192.168.0.102,B13,3,front_3,4,1,front_continuous_pad_feedback_positive_y_250cm,2026-08-29T16:29:46.601,34.186,14.564,76,80,4
20260829_162912,front_50_head_lv1_high_new_001,front,head wind,Level1,50,high,85,2,drone_4,192.168.0.103,B14,4,front_4,5,2,front_continuous_pad_feedback_positive_y_250cm,2026-08-29T16:29:46.601,34.186,14.564,81,81,0
20260829_162912,front_50_head_lv1_high_new_001,front,head wind,Level1,50,high,85,2,drone_5,192.168.0.104,B12,5,front_5,6,3,front_continuous_pad_feedback_positive_y_250cm,2026-08-29T16:29:46.601,34.186,14.564,79,79,0
20260829_162912,front_50_head_lv1_high_new_001,front,head wind,Level1,50,high,85,2,drone_1,192.168.0.100,B11,1,front_1,2,7,front_continuous_pad_feedback_positive_y_250cm,2026-08-29T16:29:46.706,34.292,14.67,81,81,0
20260829_162912,front_50_head_lv1_high_new_001,front,head wind,Level1,50,high,85,2,drone_2,192.168.0.101,B10,2,front_2,3,8,front_continuous_pad_feedback_positive_y_250cm,2026-08-29T16:29:46.706,34.292,14.67,77,77,0
20260829_162912,front_50_head_lv1_high_new_001,front,head wind,Level1,50,high,85,2,drone_3,192.168.0.102,B13,3,front_3,4,1,front_continuous_pad_feedback_positive_y_250cm,2026-08-29T16:29:46.706,34.292,14.67,76,80,4
20260829_162912,front_50_head_lv1_high_new_001,front,head wind,Level1,50,high,85,2,drone_4,192.168.0.103,B14,4,front_4,5,2,front_continuous_pad_feedback_positive_y_250cm,2026-08-29T16:29:46.706,34.292,14.67,81,81,0
20260829_162912,front_50_head_lv1_high_new_001,front,head wind,Level1,50,high,85,2,drone_5,192.168.0.104,B12,5,front_5,6,3,front_continuous_pad_feedback_positive_y_250cm,2026-08-29T16:29:46.706,34.292,14.67,79,79,0
20260829_162912,front_50_head_lv1_high_new_001,front,head wind,Level1,50,high,85,2,drone_1,192.168.0.100,B11,1,front_1,2,7,front_continuous_pad_feedback_positive_y_250cm,2026-08-29T16:29:46.815,34.4,14.778,81,81,0
20260829_162912,front_50_head_lv1_high_new_001,front,head wind,Level1,50,high,85,2,drone_2,192.168.0.101,B10,2,front_2,3,8,front_continuous_pad_feedback_positive_y_250cm,2026-08-29T16:29:46.815,34.4,14.778,77,77,0
20260829_162912,front_50_head_lv1_high_new_001,front,head wind,Level1,50,high,85,2,drone_3,192.168.0.102,B13,3,front_3,4,1,front_continuous_pad_feedback_positive_y_250cm,2026-08-29T16:29:46.815,34.4,14.778,76,80,4
20260829_162912,front_50_head_lv1_high_new_001,front,head wind,Level1,50,high,85,2,drone_4,192.168.0.103,B14,4,front_4,5,2,front_continuous_pad_feedback_positive_y_250cm,2026-08-29T16:29:46.815,34.4,14.778,81,81,0
20260829_162912,front_50_head_lv1_high_new_001,front,head wind,Level1,50,high,85,2,drone_5,192.168.0.104,B12,5,front_5,6,3,front_continuous_pad_feedback_positive_y_250cm,2026-08-29T16:29:46.815,34.4,14.778,79,79,0
20260829_162912,front_50_head_lv1_high_new_001,front,head wind,Level1,50,high,85,2,drone_1,192.168.0.100,B11,1,front_1,2,7,front_continuous_pad_feedback_positive_y_250cm,2026-08-29T16:29:46.924,34.509,14.888,81,81,0
20260829_162912,front_50_head_lv1_high_new_001,front,head wind,Level1,50,high,85,2,drone_2,192.168.0.101,B10,2,front_2,3,8,front_continuous_pad_feedback_positive_y_250cm,2026-08-29T16:29:46.924,34.509,14.888,77,77,0
20260829_162912,front_50_head_lv1_high_new_001,front,head wind,Level1,50,high,85,2,drone_3,192.168.0.102,B13,3,front_3,4,1,front_continuous_pad_feedback_positive_y_250cm,2026-08-29T16:29:46.924,34.509,14.888,76,80,4
20260829_162912,front_50_head_lv1_high_new_001,front,head wind,Level1,50,high,85,2,drone_4,192.168.0.103,B14,4,front_4,5,2,front_continuous_pad_feedback_positive_y_250cm,2026-08-29T16:29:46.924,34.509,14.888,81,81,0
20260829_162912,front_50_head_lv1_high_new_001,front,head wind,Level1,50,high,85,2,drone_5,192.168.0.104,B12,5,front_5,6,3,front_continuous_pad_feedback_positive_y_250cm,2026-08-29T16:29:46.924,34.509,14.888,79,79,0
20260829_162912,front_50_head_lv1_high_new_001,front,head wind,Level1,50,high,85,2,drone_1,192.168.0.100,B11,1,front_1,2,7,front_continuous_pad_feedback_positive_y_250cm,2026-08-29T16:29:47.030,34.615,14.993,81,81,0
20260829_162912,front_50_head_lv1_high_new_001,front,head wind,Level1,50,high,85,2,drone_2,192.168.0.101,B10,2,front_2,3,8,front_continuous_pad_feedback_positive_y_250cm,2026-08-29T16:29:47.030,34.615,14.993,77,77,0
20260829_162912,front_50_head_lv1_high_new_001,front,head wind,Level1,50,high,85,2,drone_3,192.168.0.102,B13,3,front_3,4,1,front_continuous_pad_feedback_positive_y_250cm,2026-08-29T16:29:47.030,34.615,14.993,76,80,4
20260829_162912,front_50_head_lv1_high_new_001,front,head wind,Level1,50,high,85,2,drone_4,192.168.0.103,B14,4,front_4,5,2,front_continuous_pad_feedback_positive_y_250cm,2026-08-29T16:29:47.030,34.615,14.993,81,81,0
20260829_162912,front_50_head_lv1_high_new_001,front,head wind,Level1,50,high,85,2,drone_5,192.168.0.104,B12,5,front_5,6,3,front_continuous_pad_feedback_positive_y_250cm,2026-08-29T16:29:47.030,34.615,14.993,79,79,0
20260829_162912,front_50_head_lv1_high_new_001,front,head wind,Level1,50,high,85,2,drone_1,192.168.0.100,B11,1,front_1,2,7,front_continuous_pad_feedback_positive_y_250cm,2026-08-29T16:29:47.135,34.72,15.098,81,81,0
20260829_162912,front_50_head_lv1_high_new_001,front,head wind,Level1,50,high,85,2,drone_2,192.168.0.101,B10,2,front_2,3,8,front_continuous_pad_feedback_positive_y_250cm,2026-08-29T16:29:47.135,34.72,15.098,77,77,0
20260829_162912,front_50_head_lv1_high_new_001,front,head wind,Level1,50,high,85,2,drone_3,192.168.0.102,B13,3,front_3,4,1,front_continuous_pad_feedback_positive_y_250cm,2026-08-29T16:29:47.135,34.72,15.098,76,80,4
20260829_162912,front_50_head_lv1_high_new_001,front,head wind,Level1,50,high,85,2,drone_4,192.168.0.103,B14,4,front_4,5,2,front_continuous_pad_feedback_positive_y_250cm,2026-08-29T16:29:47.135,34.72,15.098,81,81,0
20260829_162912,front_50_head_lv1_high_new_001,front,head wind,Level1,50,high,85,2,drone_5,192.168.0.104,B12,5,front_5,6,3,front_continuous_pad_feedback_positive_y_250cm,2026-08-29T16:29:47.135,34.72,15.098,79,79,0
20260829_162912,front_50_head_lv1_high_new_001,front,head wind,Level1,50,high,85,2,drone_1,192.168.0.100,B11,1,front_1,2,7,front_continuous_pad_feedback_positive_y_250cm,2026-08-29T16:29:47.242,34.828,15.206,81,81,0
20260829_162912,front_50_head_lv1_high_new_001,front,head wind,Level1,50,high,85,2,drone_2,192.168.0.101,B10,2,front_2,3,8,front_continuous_pad_feedback_positive_y_250cm,2026-08-29T16:29:47.242,34.828,15.206,77,77,0
20260829_162912,front_50_head_lv1_high_new_001,front,head wind,Level1,50,high,85,2,drone_3,192.168.0.102,B13,3,front_3,4,1,front_continuous_pad_feedback_positive_y_250cm,2026-08-29T16:29:47.242,34.828,15.206,76,80,4
20260829_162912,front_50_head_lv1_high_new_001,front,head wind,Level1,50,high,85,2,drone_4,192.168.0.103,B14,4,front_4,5,2,front_continuous_pad_feedback_positive_y_250cm,2026-08-29T16:29:47.242,34.828,15.206,81,81,0
20260829_162912,front_50_head_lv1_high_new_001,front,head wind,Level1,50,high,85,2,drone_5,192.168.0.104,B12,5,front_5,6,3,front_continuous_pad_feedback_positive_y_250cm,2026-08-29T16:29:47.242,34.828,15.206,79,79,0
20260829_162912,front_50_head_lv1_high_new_001,front,head wind,Level1,50,high,85,2,drone_1,192.168.0.100,B11,1,front_1,2,7,front_continuous_pad_feedback_positive_y_250cm,2026-08-29T16:29:47.346,34.931,15.309,81,81,0
20260829_162912,front_50_head_lv1_high_new_001,front,head wind,Level1,50,high,85,2,drone_2,192.168.0.101,B10,2,front_2,3,8,front_continuous_pad_feedback_positive_y_250cm,2026-08-29T16:29:47.346,34.931,15.309,77,77,0
20260829_162912,front_50_head_lv1_high_new_001,front,head wind,Level1,50,high,85,2,drone_3,192.168.0.102,B13,3,front_3,4,1,front_continuous_pad_feedback_positive_y_250cm,2026-08-29T16:29:47.346,34.931,15.309,76,80,4
20260829_162912,front_50_head_lv1_high_new_001,front,head wind,Level1,50,high,85,2,drone_4,192.168.0.103,B14,4,front_4,5,2,front_continuous_pad_feedback_positive_y_250cm,2026-08-29T16:29:47.346,34.931,15.309,81,81,0
20260829_162912,front_50_head_lv1_high_new_001,front,head wind,Level1,50,high,85,2,drone_5,192.168.0.104,B12,5,front_5,6,3,front_continuous_pad_feedback_positive_y_250cm,2026-08-29T16:29:47.346,34.931,15.309,79,79,0
20260829_162912,front_50_head_lv1_high_new_001,front,head wind,Level1,50,high,85,2,drone_1,192.168.0.100,B11,1,front_1,2,7,front_continuous_pad_feedback_positive_y_250cm,2026-08-29T16:29:47.454,35.039,15.417,81,81,0
20260829_162912,front_50_head_lv1_high_new_001,front,head wind,Level1,50,high,85,2,drone_2,192.168.0.101,B10,2,front_2,3,8,front_continuous_pad_feedback_positive_y_250cm,2026-08-29T16:29:47.454,35.039,15.417,77,77,0
20260829_162912,front_50_head_lv1_high_new_001,front,head wind,Level1,50,high,85,2,drone_3,192.168.0.102,B13,3,front_3,4,1,front_continuous_pad_feedback_positive_y_250cm,2026-08-29T16:29:47.454,35.039,15.417,76,80,4
20260829_162912,front_50_head_lv1_high_new_001,front,head wind,Level1,50,high,85,2,drone_4,192.168.0.103,B14,4,front_4,5,2,front_continuous_pad_feedback_positive_y_250cm,2026-08-29T16:29:47.454,35.039,15.417,81,81,0
20260829_162912,front_50_head_lv1_high_new_001,front,head wind,Level1,50,high,85,2,drone_5,192.168.0.104,B12,5,front_5,6,3,front_continuous_pad_feedback_positive_y_250cm,2026-08-29T16:29:47.454,35.039,15.417,79,79,0
20260829_162912,front_50_head_lv1_high_new_001,front,head wind,Level1,50,high,85,2,drone_1,192.168.0.100,B11,1,front_1,2,7,front_continuous_pad_feedback_positive_y_250cm,2026-08-29T16:29:47.559,35.144,15.522,81,81,0
20260829_162912,front_50_head_lv1_high_new_001,front,head wind,Level1,50,high,85,2,drone_2,192.168.0.101,B10,2,front_2,3,8,front_continuous_pad_feedback_positive_y_250cm,2026-08-29T16:29:47.559,35.144,15.522,77,77,0
20260829_162912,front_50_head_lv1_high_new_001,front,head wind,Level1,50,high,85,2,drone_3,192.168.0.102,B13,3,front_3,4,1,front_continuous_pad_feedback_positive_y_250cm,2026-08-29T16:29:47.559,35.144,15.522,76,80,4
20260829_162912,front_50_head_lv1_high_new_001,front,head wind,Level1,50,high,85,2,drone_4,192.168.0.103,B14,4,front_4,5,2,front_continuous_pad_feedback_positive_y_250cm,2026-08-29T16:29:47.559,35.144,15.522,81,81,0
20260829_162912,front_50_head_lv1_high_new_001,front,head wind,Level1,50,high,85,2,drone_5,192.168.0.104,B12,5,front_5,6,3,front_continuous_pad_feedback_positive_y_250cm,2026-08-29T16:29:47.559,35.144,15.522,79,79,0
20260829_162912,front_50_head_lv1_high_new_001,front,head wind,Level1,50,high,85,2,drone_1,192.168.0.100,B11,1,front_1,2,7,front_continuous_pad_feedback_positive_y_250cm,2026-08-29T16:29:47.665,35.251,15.629,81,81,0
20260829_162912,front_50_head_lv1_high_new_001,front,head wind,Level1,50,high,85,2,drone_2,192.168.0.101,B10,2,front_2,3,8,front_continuous_pad_feedback_positive_y_250cm,2026-08-29T16:29:47.665,35.251,15.629,77,77,0
20260829_162912,front_50_head_lv1_high_new_001,front,head wind,Level1,50,high,85,2,drone_3,192.168.0.102,B13,3,front_3,4,1,front_continuous_pad_feedback_positive_y_250cm,2026-08-29T16:29:47.665,35.251,15.629,76,80,4
20260829_162912,front_50_head_lv1_high_new_001,front,head wind,Level1,50,high,85,2,drone_4,192.168.0.103,B14,4,front_4,5,2,front_continuous_pad_feedback_positive_y_250cm,2026-08-29T16:29:47.665,35.251,15.629,81,81,0
20260829_162912,front_50_head_lv1_high_new_001,front,head wind,Level1,50,high,85,2,drone_5,192.168.0.104,B12,5,front_5,6,3,front_continuous_pad_feedback_positive_y_250cm,2026-08-29T16:29:47.665,35.251,15.629,79,79,0
20260829_162912,front_50_head_lv1_high_new_001,front,head wind,Level1,50,high,85,2,drone_1,192.168.0.100,B11,1,front_1,2,7,front_continuous_pad_feedback_positive_y_250cm,2026-08-29T16:29:47.773,35.359,15.737,81,81,0
20260829_162912,front_50_head_lv1_high_new_001,front,head wind,Level1,50,high,85,2,drone_2,192.168.0.101,B10,2,front_2,3,8,front_continuous_pad_feedback_positive_y_250cm,2026-08-29T16:29:47.773,35.359,15.737,77,77,0
20260829_162912,front_50_head_lv1_high_new_001,front,head wind,Level1,50,high,85,2,drone_3,192.168.0.102,B13,3,front_3,4,1,front_continuous_pad_feedback_positive_y_250cm,2026-08-29T16:29:47.773,35.359,15.737,76,80,4
20260829_162912,front_50_head_lv1_high_new_001,front,head wind,Level1,50,high,85,2,drone_4,192.168.0.103,B14,4,front_4,5,2,front_continuous_pad_feedback_positive_y_250cm,2026-08-29T16:29:47.773,35.359,15.737,81,81,0
20260829_162912,front_50_head_lv1_high_new_001,front,head wind,Level1,50,high,85,2,drone_5,192.168.0.104,B12,5,front_5,6,3,front_continuous_pad_feedback_positive_y_250cm,2026-08-29T16:29:47.773,35.359,15.737,79,79,0
20260829_162912,front_50_head_lv1_high_new_001,front,head wind,Level1,50,high,85,2,drone_1,192.168.0.100,B11,1,front_1,2,7,front_continuous_pad_feedback_positive_y_250cm,2026-08-29T16:29:47.877,35.463,15.841,81,81,0
20260829_162912,front_50_head_lv1_high_new_001,front,head wind,Level1,50,high,85,2,drone_2,192.168.0.101,B10,2,front_2,3,8,front_continuous_pad_feedback_positive_y_250cm,2026-08-29T16:29:47.877,35.463,15.841,77,77,0
20260829_162912,front_50_head_lv1_high_new_001,front,head wind,Level1,50,high,85,2,drone_3,192.168.0.102,B13,3,front_3,4,1,front_continuous_pad_feedback_positive_y_250cm,2026-08-29T16:29:47.877,35.463,15.841,75,80,5
20260829_162912,front_50_head_lv1_high_new_001,front,head wind,Level1,50,high,85,2,drone_4,192.168.0.103,B14,4,front_4,5,2,front_continuous_pad_feedback_positive_y_250cm,2026-08-29T16:29:47.877,35.463,15.841,81,81,0
20260829_162912,front_50_head_lv1_high_new_001,front,head wind,Level1,50,high,85,2,drone_5,192.168.0.104,B12,5,front_5,6,3,front_continuous_pad_feedback_positive_y_250cm,2026-08-29T16:29:47.877,35.463,15.841,79,79,0
20260829_162912,front_50_head_lv1_high_new_001,front,head wind,Level1,50,high,85,2,drone_1,192.168.0.100,B11,1,front_1,2,7,front_continuous_pad_feedback_positive_y_250cm,2026-08-29T16:29:47.982,35.567,15.946,81,81,0
20260829_162912,front_50_head_lv1_high_new_001,front,head wind,Level1,50,high,85,2,drone_2,192.168.0.101,B10,2,front_2,3,8,front_continuous_pad_feedback_positive_y_250cm,2026-08-29T16:29:47.982,35.567,15.946,77,77,0
20260829_162912,front_50_head_lv1_high_new_001,front,head wind,Level1,50,high,85,2,drone_3,192.168.0.102,B13,3,front_3,4,1,front_continuous_pad_feedback_positive_y_250cm,2026-08-29T16:29:47.982,35.567,15.946,75,80,5
20260829_162912,front_50_head_lv1_high_new_001,front,head wind,Level1,50,high,85,2,drone_4,192.168.0.103,B14,4,front_4,5,2,front_continuous_pad_feedback_positive_y_250cm,2026-08-29T16:29:47.982,35.567,15.946,81,81,0
20260829_162912,front_50_head_lv1_high_new_001,front,head wind,Level1,50,high,85,2,drone_5,192.168.0.104,B12,5,front_5,6,3,front_continuous_pad_feedback_positive_y_250cm,2026-08-29T16:29:47.982,35.567,15.946,79,79,0
20260829_162912,front_50_head_lv1_high_new_001,front,head wind,Level1,50,high,85,2,drone_1,192.168.0.100,B11,1,front_1,2,7,front_continuous_pad_feedback_positive_y_250cm,2026-08-29T16:29:48.088,35.674,16.052,81,81,0
20260829_162912,front_50_head_lv1_high_new_001,front,head wind,Level1,50,high,85,2,drone_2,192.168.0.101,B10,2,front_2,3,8,front_continuous_pad_feedback_positive_y_250cm,2026-08-29T16:29:48.088,35.674,16.052,77,77,0
20260829_162912,front_50_head_lv1_high_new_001,front,head wind,Level1,50,high,85,2,drone_3,192.168.0.102,B13,3,front_3,4,1,front_continuous_pad_feedback_positive_y_250cm,2026-08-29T16:29:48.088,35.674,16.052,75,80,5
20260829_162912,front_50_head_lv1_high_new_001,front,head wind,Level1,50,high,85,2,drone_4,192.168.0.103,B14,4,front_4,5,2,front_continuous_pad_feedback_positive_y_250cm,2026-08-29T16:29:48.088,35.674,16.052,81,81,0
20260829_162912,front_50_head_lv1_high_new_001,front,head wind,Level1,50,high,85,2,drone_5,192.168.0.104,B12,5,front_5,6,3,front_continuous_pad_feedback_positive_y_250cm,2026-08-29T16:29:48.088,35.674,16.052,79,79,0
20260829_162912,front_50_head_lv1_high_new_001,front,head wind,Level1,50,high,85,2,drone_1,192.168.0.100,B11,1,front_1,2,7,front_continuous_pad_feedback_positive_y_250cm,2026-08-29T16:29:48.193,35.778,16.156,81,81,0
20260829_162912,front_50_head_lv1_high_new_001,front,head wind,Level1,50,high,85,2,drone_2,192.168.0.101,B10,2,front_2,3,8,front_continuous_pad_feedback_positive_y_250cm,2026-08-29T16:29:48.193,35.778,16.156,77,77,0
20260829_162912,front_50_head_lv1_high_new_001,front,head wind,Level1,50,high,85,2,drone_3,192.168.0.102,B13,3,front_3,4,1,front_continuous_pad_feedback_positive_y_250cm,2026-08-29T16:29:48.193,35.778,16.156,75,80,5
20260829_162912,front_50_head_lv1_high_new_001,front,head wind,Level1,50,high,85,2,drone_4,192.168.0.103,B14,4,front_4,5,2,front_continuous_pad_feedback_positive_y_250cm,2026-08-29T16:29:48.193,35.778,16.156,81,81,0
20260829_162912,front_50_head_lv1_high_new_001,front,head wind,Level1,50,high,85,2,drone_5,192.168.0.104,B12,5,front_5,6,3,front_continuous_pad_feedback_positive_y_250cm,2026-08-29T16:29:48.193,35.778,16.156,79,79,0
20260829_162912,front_50_head_lv1_high_new_001,front,head wind,Level1,50,high,85,2,drone_1,192.168.0.100,B11,1,front_1,2,7,front_continuous_pad_feedback_positive_y_250cm,2026-08-29T16:29:48.301,35.886,16.264,81,81,0
20260829_162912,front_50_head_lv1_high_new_001,front,head wind,Level1,50,high,85,2,drone_2,192.168.0.101,B10,2,front_2,3,8,front_continuous_pad_feedback_positive_y_250cm,2026-08-29T16:29:48.301,35.886,16.264,77,77,0
20260829_162912,front_50_head_lv1_high_new_001,front,head wind,Level1,50,high,85,2,drone_3,192.168.0.102,B13,3,front_3,4,1,front_continuous_pad_feedback_positive_y_250cm,2026-08-29T16:29:48.301,35.886,16.264,75,80,5
20260829_162912,front_50_head_lv1_high_new_001,front,head wind,Level1,50,high,85,2,drone_4,192.168.0.103,B14,4,front_4,5,2,front_continuous_pad_feedback_positive_y_250cm,2026-08-29T16:29:48.301,35.886,16.264,81,81,0
20260829_162912,front_50_head_lv1_high_new_001,front,head wind,Level1,50,high,85,2,drone_5,192.168.0.104,B12,5,front_5,6,3,front_continuous_pad_feedback_positive_y_250cm,2026-08-29T16:29:48.301,35.886,16.264,79,79,0
20260829_162912,front_50_head_lv1_high_new_001,front,head wind,Level1,50,high,85,2,drone_1,192.168.0.100,B11,1,front_1,2,7,front_continuous_pad_feedback_positive_y_250cm,2026-08-29T16:29:48.409,35.994,16.372,81,81,0
20260829_162912,front_50_head_lv1_high_new_001,front,head wind,Level1,50,high,85,2,drone_2,192.168.0.101,B10,2,front_2,3,8,front_continuous_pad_feedback_positive_y_250cm,2026-08-29T16:29:48.409,35.994,16.372,77,77,0
20260829_162912,front_50_head_lv1_high_new_001,front,head wind,Level1,50,high,85,2,drone_3,192.168.0.102,B13,3,front_3,4,1,front_continuous_pad_feedback_positive_y_250cm,2026-08-29T16:29:48.409,35.994,16.372,75,80,5
20260829_162912,front_50_head_lv1_high_new_001,front,head wind,Level1,50,high,85,2,drone_4,192.168.0.103,B14,4,front_4,5,2,front_continuous_pad_feedback_positive_y_250cm,2026-08-29T16:29:48.409,35.994,16.372,81,81,0
20260829_162912,front_50_head_lv1_high_new_001,front,head wind,Level1,50,high,85,2,drone_5,192.168.0.104,B12,5,front_5,6,3,front_continuous_pad_feedback_positive_y_250cm,2026-08-29T16:29:48.409,35.994,16.372,79,79,0
20260829_162912,front_50_head_lv1_high_new_001,front,head wind,Level1,50,high,85,2,drone_1,192.168.0.100,B11,1,front_1,2,7,front_continuous_pad_feedback_positive_y_250cm,2026-08-29T16:29:48.515,36.1,16.478,81,81,0
20260829_162912,front_50_head_lv1_high_new_001,front,head wind,Level1,50,high,85,2,drone_2,192.168.0.101,B10,2,front_2,3,8,front_continuous_pad_feedback_positive_y_250cm,2026-08-29T16:29:48.515,36.1,16.478,77,77,0
20260829_162912,front_50_head_lv1_high_new_001,front,head wind,Level1,50,high,85,2,drone_3,192.168.0.102,B13,3,front_3,4,1,front_continuous_pad_feedback_positive_y_250cm,2026-08-29T16:29:48.515,36.1,16.478,75,80,5
20260829_162912,front_50_head_lv1_high_new_001,front,head wind,Level1,50,high,85,2,drone_4,192.168.0.103,B14,4,front_4,5,2,front_continuous_pad_feedback_positive_y_250cm,2026-08-29T16:29:48.515,36.1,16.478,81,81,0
20260829_162912,front_50_head_lv1_high_new_001,front,head wind,Level1,50,high,85,2,drone_5,192.168.0.104,B12,5,front_5,6,3,front_continuous_pad_feedback_positive_y_250cm,2026-08-29T16:29:48.515,36.1,16.478,79,79,0
20260829_162912,front_50_head_lv1_high_new_001,front,head wind,Level1,50,high,85,2,drone_1,192.168.0.100,B11,1,front_1,2,7,front_continuous_pad_feedback_positive_y_250cm,2026-08-29T16:29:48.620,36.205,16.584,81,81,0
20260829_162912,front_50_head_lv1_high_new_001,front,head wind,Level1,50,high,85,2,drone_2,192.168.0.101,B10,2,front_2,3,8,front_continuous_pad_feedback_positive_y_250cm,2026-08-29T16:29:48.620,36.205,16.584,77,77,0
20260829_162912,front_50_head_lv1_high_new_001,front,head wind,Level1,50,high,85,2,drone_3,192.168.0.102,B13,3,front_3,4,1,front_continuous_pad_feedback_positive_y_250cm,2026-08-29T16:29:48.620,36.205,16.584,75,80,5
20260829_162912,front_50_head_lv1_high_new_001,front,head wind,Level1,50,high,85,2,drone_4,192.168.0.103,B14,4,front_4,5,2,front_continuous_pad_feedback_positive_y_250cm,2026-08-29T16:29:48.620,36.205,16.584,81,81,0
20260829_162912,front_50_head_lv1_high_new_001,front,head wind,Level1,50,high,85,2,drone_5,192.168.0.104,B12,5,front_5,6,3,front_continuous_pad_feedback_positive_y_250cm,2026-08-29T16:29:48.620,36.205,16.584,79,79,0
20260829_162912,front_50_head_lv1_high_new_001,front,head wind,Level1,50,high,85,2,drone_1,192.168.0.100,B11,1,front_1,2,7,front_continuous_pad_feedback_positive_y_250cm,2026-08-29T16:29:48.724,36.309,16.688,81,81,0
20260829_162912,front_50_head_lv1_high_new_001,front,head wind,Level1,50,high,85,2,drone_2,192.168.0.101,B10,2,front_2,3,8,front_continuous_pad_feedback_positive_y_250cm,2026-08-29T16:29:48.724,36.309,16.688,77,77,0
20260829_162912,front_50_head_lv1_high_new_001,front,head wind,Level1,50,high,85,2,drone_3,192.168.0.102,B13,3,front_3,4,1,front_continuous_pad_feedback_positive_y_250cm,2026-08-29T16:29:48.724,36.309,16.688,75,80,5
20260829_162912,front_50_head_lv1_high_new_001,front,head wind,Level1,50,high,85,2,drone_4,192.168.0.103,B14,4,front_4,5,2,front_continuous_pad_feedback_positive_y_250cm,2026-08-29T16:29:48.724,36.309,16.688,81,81,0
20260829_162912,front_50_head_lv1_high_new_001,front,head wind,Level1,50,high,85,2,drone_5,192.168.0.104,B12,5,front_5,6,3,front_continuous_pad_feedback_positive_y_250cm,2026-08-29T16:29:48.724,36.309,16.688,79,79,0
20260829_162912,front_50_head_lv1_high_new_001,front,head wind,Level1,50,high,85,2,drone_1,192.168.0.100,B11,1,front_1,2,7,front_continuous_pad_feedback_positive_y_250cm,2026-08-29T16:29:48.831,36.416,16.795,81,81,0
20260829_162912,front_50_head_lv1_high_new_001,front,head wind,Level1,50,high,85,2,drone_2,192.168.0.101,B10,2,front_2,3,8,front_continuous_pad_feedback_positive_y_250cm,2026-08-29T16:29:48.831,36.416,16.795,77,77,0
20260829_162912,front_50_head_lv1_high_new_001,front,head wind,Level1,50,high,85,2,drone_3,192.168.0.102,B13,3,front_3,4,1,front_continuous_pad_feedback_positive_y_250cm,2026-08-29T16:29:48.831,36.416,16.795,75,80,5
20260829_162912,front_50_head_lv1_high_new_001,front,head wind,Level1,50,high,85,2,drone_4,192.168.0.103,B14,4,front_4,5,2,front_continuous_pad_feedback_positive_y_250cm,2026-08-29T16:29:48.831,36.416,16.795,81,81,0
20260829_162912,front_50_head_lv1_high_new_001,front,head wind,Level1,50,high,85,2,drone_5,192.168.0.104,B12,5,front_5,6,3,front_continuous_pad_feedback_positive_y_250cm,2026-08-29T16:29:48.831,36.416,16.795,79,79,0
20260829_162912,front_50_head_lv1_high_new_001,front,head wind,Level1,50,high,85,2,drone_1,192.168.0.100,B11,1,front_1,2,7,front_continuous_pad_feedback_positive_y_250cm,2026-08-29T16:29:48.940,36.525,16.903,81,81,0
20260829_162912,front_50_head_lv1_high_new_001,front,head wind,Level1,50,high,85,2,drone_2,192.168.0.101,B10,2,front_2,3,8,front_continuous_pad_feedback_positive_y_250cm,2026-08-29T16:29:48.940,36.525,16.903,77,77,0
20260829_162912,front_50_head_lv1_high_new_001,front,head wind,Level1,50,high,85,2,drone_3,192.168.0.102,B13,3,front_3,4,1,front_continuous_pad_feedback_positive_y_250cm,2026-08-29T16:29:48.940,36.525,16.903,75,80,5
20260829_162912,front_50_head_lv1_high_new_001,front,head wind,Level1,50,high,85,2,drone_4,192.168.0.103,B14,4,front_4,5,2,front_continuous_pad_feedback_positive_y_250cm,2026-08-29T16:29:48.940,36.525,16.903,81,81,0
20260829_162912,front_50_head_lv1_high_new_001,front,head wind,Level1,50,high,85,2,drone_5,192.168.0.104,B12,5,front_5,6,3,front_continuous_pad_feedback_positive_y_250cm,2026-08-29T16:29:48.940,36.525,16.903,79,79,0
20260829_162912,front_50_head_lv1_high_new_001,front,head wind,Level1,50,high,85,2,drone_1,192.168.0.100,B11,1,front_1,2,7,front_continuous_pad_feedback_positive_y_250cm,2026-08-29T16:29:49.048,36.633,17.011,81,81,0
20260829_162912,front_50_head_lv1_high_new_001,front,head wind,Level1,50,high,85,2,drone_2,192.168.0.101,B10,2,front_2,3,8,front_continuous_pad_feedback_positive_y_250cm,2026-08-29T16:29:49.048,36.633,17.011,77,77,0
20260829_162912,front_50_head_lv1_high_new_001,front,head wind,Level1,50,high,85,2,drone_3,192.168.0.102,B13,3,front_3,4,1,front_continuous_pad_feedback_positive_y_250cm,2026-08-29T16:29:49.048,36.633,17.011,75,80,5
20260829_162912,front_50_head_lv1_high_new_001,front,head wind,Level1,50,high,85,2,drone_4,192.168.0.103,B14,4,front_4,5,2,front_continuous_pad_feedback_positive_y_250cm,2026-08-29T16:29:49.048,36.633,17.011,81,81,0
20260829_162912,front_50_head_lv1_high_new_001,front,head wind,Level1,50,high,85,2,drone_5,192.168.0.104,B12,5,front_5,6,3,front_continuous_pad_feedback_positive_y_250cm,2026-08-29T16:29:49.048,36.633,17.011,79,79,0
20260829_162912,front_50_head_lv1_high_new_001,front,head wind,Level1,50,high,85,2,drone_1,192.168.0.100,B11,1,front_1,2,7,front_continuous_pad_feedback_positive_y_250cm,2026-08-29T16:29:49.154,36.739,17.118,81,81,0
20260829_162912,front_50_head_lv1_high_new_001,front,head wind,Level1,50,high,85,2,drone_2,192.168.0.101,B10,2,front_2,3,8,front_continuous_pad_feedback_positive_y_250cm,2026-08-29T16:29:49.154,36.739,17.118,77,77,0
20260829_162912,front_50_head_lv1_high_new_001,front,head wind,Level1,50,high,85,2,drone_3,192.168.0.102,B13,3,front_3,4,1,front_continuous_pad_feedback_positive_y_250cm,2026-08-29T16:29:49.154,36.739,17.118,75,80,5
20260829_162912,front_50_head_lv1_high_new_001,front,head wind,Level1,50,high,85,2,drone_4,192.168.0.103,B14,4,front_4,5,2,front_continuous_pad_feedback_positive_y_250cm,2026-08-29T16:29:49.154,36.739,17.118,81,81,0
20260829_162912,front_50_head_lv1_high_new_001,front,head wind,Level1,50,high,85,2,drone_5,192.168.0.104,B12,5,front_5,6,3,front_continuous_pad_feedback_positive_y_250cm,2026-08-29T16:29:49.154,36.739,17.118,79,79,0
20260829_162912,front_50_head_lv1_high_new_001,front,head wind,Level1,50,high,85,2,drone_1,192.168.0.100,B11,1,front_1,2,7,front_continuous_pad_feedback_positive_y_250cm,2026-08-29T16:29:49.259,36.844,17.223,81,81,0
20260829_162912,front_50_head_lv1_high_new_001,front,head wind,Level1,50,high,85,2,drone_2,192.168.0.101,B10,2,front_2,3,8,front_continuous_pad_feedback_positive_y_250cm,2026-08-29T16:29:49.259,36.844,17.223,77,77,0
20260829_162912,front_50_head_lv1_high_new_001,front,head wind,Level1,50,high,85,2,drone_3,192.168.0.102,B13,3,front_3,4,1,front_continuous_pad_feedback_positive_y_250cm,2026-08-29T16:29:49.259,36.844,17.223,75,80,5
20260829_162912,front_50_head_lv1_high_new_001,front,head wind,Level1,50,high,85,2,drone_4,192.168.0.103,B14,4,front_4,5,2,front_continuous_pad_feedback_positive_y_250cm,2026-08-29T16:29:49.259,36.844,17.223,81,81,0
20260829_162912,front_50_head_lv1_high_new_001,front,head wind,Level1,50,high,85,2,drone_5,192.168.0.104,B12,5,front_5,6,3,front_continuous_pad_feedback_positive_y_250cm,2026-08-29T16:29:49.259,36.844,17.223,79,79,0
20260829_162912,front_50_head_lv1_high_new_001,front,head wind,Level1,50,high,85,2,drone_1,192.168.0.100,B11,1,front_1,2,7,front_continuous_pad_feedback_positive_y_250cm,2026-08-29T16:29:49.367,36.952,17.33,81,81,0
20260829_162912,front_50_head_lv1_high_new_001,front,head wind,Level1,50,high,85,2,drone_2,192.168.0.101,B10,2,front_2,3,8,front_continuous_pad_feedback_positive_y_250cm,2026-08-29T16:29:49.367,36.952,17.33,77,77,0
20260829_162912,front_50_head_lv1_high_new_001,front,head wind,Level1,50,high,85,2,drone_3,192.168.0.102,B13,3,front_3,4,1,front_continuous_pad_feedback_positive_y_250cm,2026-08-29T16:29:49.367,36.952,17.33,75,80,5
20260829_162912,front_50_head_lv1_high_new_001,front,head wind,Level1,50,high,85,2,drone_4,192.168.0.103,B14,4,front_4,5,2,front_continuous_pad_feedback_positive_y_250cm,2026-08-29T16:29:49.367,36.952,17.33,81,81,0
20260829_162912,front_50_head_lv1_high_new_001,front,head wind,Level1,50,high,85,2,drone_5,192.168.0.104,B12,5,front_5,6,3,front_continuous_pad_feedback_positive_y_250cm,2026-08-29T16:29:49.367,36.952,17.33,79,79,0
20260829_162912,front_50_head_lv1_high_new_001,front,head wind,Level1,50,high,85,2,drone_1,192.168.0.100,B11,1,front_1,2,7,front_continuous_pad_feedback_positive_y_250cm,2026-08-29T16:29:49.473,37.058,17.436,81,81,0
20260829_162912,front_50_head_lv1_high_new_001,front,head wind,Level1,50,high,85,2,drone_2,192.168.0.101,B10,2,front_2,3,8,front_continuous_pad_feedback_positive_y_250cm,2026-08-29T16:29:49.473,37.058,17.436,77,77,0
20260829_162912,front_50_head_lv1_high_new_001,front,head wind,Level1,50,high,85,2,drone_3,192.168.0.102,B13,3,front_3,4,1,front_continuous_pad_feedback_positive_y_250cm,2026-08-29T16:29:49.473,37.058,17.436,75,80,5
20260829_162912,front_50_head_lv1_high_new_001,front,head wind,Level1,50,high,85,2,drone_4,192.168.0.103,B14,4,front_4,5,2,front_continuous_pad_feedback_positive_y_250cm,2026-08-29T16:29:49.473,37.058,17.436,81,81,0
20260829_162912,front_50_head_lv1_high_new_001,front,head wind,Level1,50,high,85,2,drone_5,192.168.0.104,B12,5,front_5,6,3,front_continuous_pad_feedback_positive_y_250cm,2026-08-29T16:29:49.473,37.058,17.436,79,79,0
20260829_162912,front_50_head_lv1_high_new_001,front,head wind,Level1,50,high,85,2,drone_1,192.168.0.100,B11,1,front_1,2,7,front_continuous_pad_feedback_positive_y_250cm,2026-08-29T16:29:49.581,37.167,17.545,81,81,0
20260829_162912,front_50_head_lv1_high_new_001,front,head wind,Level1,50,high,85,2,drone_2,192.168.0.101,B10,2,front_2,3,8,front_continuous_pad_feedback_positive_y_250cm,2026-08-29T16:29:49.581,37.167,17.545,77,77,0
20260829_162912,front_50_head_lv1_high_new_001,front,head wind,Level1,50,high,85,2,drone_3,192.168.0.102,B13,3,front_3,4,1,front_continuous_pad_feedback_positive_y_250cm,2026-08-29T16:29:49.581,37.167,17.545,75,80,5
20260829_162912,front_50_head_lv1_high_new_001,front,head wind,Level1,50,high,85,2,drone_4,192.168.0.103,B14,4,front_4,5,2,front_continuous_pad_feedback_positive_y_250cm,2026-08-29T16:29:49.581,37.167,17.545,81,81,0
20260829_162912,front_50_head_lv1_high_new_001,front,head wind,Level1,50,high,85,2,drone_5,192.168.0.104,B12,5,front_5,6,3,front_continuous_pad_feedback_positive_y_250cm,2026-08-29T16:29:49.581,37.167,17.545,79,79,0
20260829_162912,front_50_head_lv1_high_new_001,front,head wind,Level1,50,high,85,2,drone_1,192.168.0.100,B11,1,front_1,2,7,front_continuous_pad_feedback_positive_y_250cm,2026-08-29T16:29:49.690,37.275,17.653,81,81,0
20260829_162912,front_50_head_lv1_high_new_001,front,head wind,Level1,50,high,85,2,drone_2,192.168.0.101,B10,2,front_2,3,8,front_continuous_pad_feedback_positive_y_250cm,2026-08-29T16:29:49.690,37.275,17.653,77,77,0
20260829_162912,front_50_head_lv1_high_new_001,front,head wind,Level1,50,high,85,2,drone_3,192.168.0.102,B13,3,front_3,4,1,front_continuous_pad_feedback_positive_y_250cm,2026-08-29T16:29:49.690,37.275,17.653,75,80,5
20260829_162912,front_50_head_lv1_high_new_001,front,head wind,Level1,50,high,85,2,drone_4,192.168.0.103,B14,4,front_4,5,2,front_continuous_pad_feedback_positive_y_250cm,2026-08-29T16:29:49.690,37.275,17.653,81,81,0
20260829_162912,front_50_head_lv1_high_new_001,front,head wind,Level1,50,high,85,2,drone_5,192.168.0.104,B12,5,front_5,6,3,front_continuous_pad_feedback_positive_y_250cm,2026-08-29T16:29:49.690,37.275,17.653,79,79,0
20260829_162912,front_50_head_lv1_high_new_001,front,head wind,Level1,50,high,85,2,drone_1,192.168.0.100,B11,1,front_1,2,7,front_continuous_pad_feedback_positive_y_250cm,2026-08-29T16:29:49.794,37.379,17.757,81,81,0
20260829_162912,front_50_head_lv1_high_new_001,front,head wind,Level1,50,high,85,2,drone_2,192.168.0.101,B10,2,front_2,3,8,front_continuous_pad_feedback_positive_y_250cm,2026-08-29T16:29:49.794,37.379,17.757,77,77,0
20260829_162912,front_50_head_lv1_high_new_001,front,head wind,Level1,50,high,85,2,drone_3,192.168.0.102,B13,3,front_3,4,1,front_continuous_pad_feedback_positive_y_250cm,2026-08-29T16:29:49.794,37.379,17.757,75,80,5
20260829_162912,front_50_head_lv1_high_new_001,front,head wind,Level1,50,high,85,2,drone_4,192.168.0.103,B14,4,front_4,5,2,front_continuous_pad_feedback_positive_y_250cm,2026-08-29T16:29:49.794,37.379,17.757,81,81,0
20260829_162912,front_50_head_lv1_high_new_001,front,head wind,Level1,50,high,85,2,drone_5,192.168.0.104,B12,5,front_5,6,3,front_continuous_pad_feedback_positive_y_250cm,2026-08-29T16:29:49.794,37.379,17.757,79,79,0
20260829_162912,front_50_head_lv1_high_new_001,front,head wind,Level1,50,high,85,2,drone_1,192.168.0.100,B11,1,front_1,2,7,front_continuous_pad_feedback_positive_y_250cm,2026-08-29T16:29:49.900,37.485,17.863,81,81,0
20260829_162912,front_50_head_lv1_high_new_001,front,head wind,Level1,50,high,85,2,drone_2,192.168.0.101,B10,2,front_2,3,8,front_continuous_pad_feedback_positive_y_250cm,2026-08-29T16:29:49.900,37.485,17.863,77,77,0
20260829_162912,front_50_head_lv1_high_new_001,front,head wind,Level1,50,high,85,2,drone_3,192.168.0.102,B13,3,front_3,4,1,front_continuous_pad_feedback_positive_y_250cm,2026-08-29T16:29:49.900,37.485,17.863,74,80,6
20260829_162912,front_50_head_lv1_high_new_001,front,head wind,Level1,50,high,85,2,drone_4,192.168.0.103,B14,4,front_4,5,2,front_continuous_pad_feedback_positive_y_250cm,2026-08-29T16:29:49.900,37.485,17.863,81,81,0
20260829_162912,front_50_head_lv1_high_new_001,front,head wind,Level1,50,high,85,2,drone_5,192.168.0.104,B12,5,front_5,6,3,front_continuous_pad_feedback_positive_y_250cm,2026-08-29T16:29:49.900,37.485,17.863,79,79,0
20260829_162912,front_50_head_lv1_high_new_001,front,head wind,Level1,50,high,85,2,drone_1,192.168.0.100,B11,1,front_1,2,7,front_continuous_pad_feedback_positive_y_250cm,2026-08-29T16:29:50.006,37.591,17.969,81,81,0
20260829_162912,front_50_head_lv1_high_new_001,front,head wind,Level1,50,high,85,2,drone_2,192.168.0.101,B10,2,front_2,3,8,front_continuous_pad_feedback_positive_y_250cm,2026-08-29T16:29:50.006,37.591,17.969,77,77,0
20260829_162912,front_50_head_lv1_high_new_001,front,head wind,Level1,50,high,85,2,drone_3,192.168.0.102,B13,3,front_3,4,1,front_continuous_pad_feedback_positive_y_250cm,2026-08-29T16:29:50.006,37.591,17.969,74,80,6
20260829_162912,front_50_head_lv1_high_new_001,front,head wind,Level1,50,high,85,2,drone_4,192.168.0.103,B14,4,front_4,5,2,front_continuous_pad_feedback_positive_y_250cm,2026-08-29T16:29:50.006,37.591,17.969,81,81,0
20260829_162912,front_50_head_lv1_high_new_001,front,head wind,Level1,50,high,85,2,drone_5,192.168.0.104,B12,5,front_5,6,3,front_continuous_pad_feedback_positive_y_250cm,2026-08-29T16:29:50.006,37.591,17.969,79,79,0
20260829_162912,front_50_head_lv1_high_new_001,front,head wind,Level1,50,high,85,2,drone_1,192.168.0.100,B11,1,front_1,2,7,front_continuous_pad_feedback_positive_y_250cm,2026-08-29T16:29:50.112,37.697,18.075,81,81,0
20260829_162912,front_50_head_lv1_high_new_001,front,head wind,Level1,50,high,85,2,drone_2,192.168.0.101,B10,2,front_2,3,8,front_continuous_pad_feedback_positive_y_250cm,2026-08-29T16:29:50.112,37.697,18.075,77,77,0
20260829_162912,front_50_head_lv1_high_new_001,front,head wind,Level1,50,high,85,2,drone_3,192.168.0.102,B13,3,front_3,4,1,front_continuous_pad_feedback_positive_y_250cm,2026-08-29T16:29:50.112,37.697,18.075,74,80,6
20260829_162912,front_50_head_lv1_high_new_001,front,head wind,Level1,50,high,85,2,drone_4,192.168.0.103,B14,4,front_4,5,2,front_continuous_pad_feedback_positive_y_250cm,2026-08-29T16:29:50.112,37.697,18.075,81,81,0
20260829_162912,front_50_head_lv1_high_new_001,front,head wind,Level1,50,high,85,2,drone_5,192.168.0.104,B12,5,front_5,6,3,front_continuous_pad_feedback_positive_y_250cm,2026-08-29T16:29:50.112,37.697,18.075,79,79,0
20260829_162912,front_50_head_lv1_high_new_001,front,head wind,Level1,50,high,85,2,drone_1,192.168.0.100,B11,1,front_1,2,7,front_continuous_pad_feedback_positive_y_250cm,2026-08-29T16:29:50.218,37.803,18.181,81,81,0
20260829_162912,front_50_head_lv1_high_new_001,front,head wind,Level1,50,high,85,2,drone_2,192.168.0.101,B10,2,front_2,3,8,front_continuous_pad_feedback_positive_y_250cm,2026-08-29T16:29:50.218,37.803,18.181,77,77,0
20260829_162912,front_50_head_lv1_high_new_001,front,head wind,Level1,50,high,85,2,drone_3,192.168.0.102,B13,3,front_3,4,1,front_continuous_pad_feedback_positive_y_250cm,2026-08-29T16:29:50.218,37.803,18.181,74,80,6
20260829_162912,front_50_head_lv1_high_new_001,front,head wind,Level1,50,high,85,2,drone_4,192.168.0.103,B14,4,front_4,5,2,front_continuous_pad_feedback_positive_y_250cm,2026-08-29T16:29:50.218,37.803,18.181,81,81,0
20260829_162912,front_50_head_lv1_high_new_001,front,head wind,Level1,50,high,85,2,drone_5,192.168.0.104,B12,5,front_5,6,3,front_continuous_pad_feedback_positive_y_250cm,2026-08-29T16:29:50.218,37.803,18.181,79,79,0
20260829_162912,front_50_head_lv1_high_new_001,front,head wind,Level1,50,high,85,2,drone_1,192.168.0.100,B11,1,front_1,2,7,front_continuous_pad_feedback_positive_y_250cm,2026-08-29T16:29:50.326,37.911,18.289,81,81,0
20260829_162912,front_50_head_lv1_high_new_001,front,head wind,Level1,50,high,85,2,drone_2,192.168.0.101,B10,2,front_2,3,8,front_continuous_pad_feedback_positive_y_250cm,2026-08-29T16:29:50.326,37.911,18.289,77,77,0
20260829_162912,front_50_head_lv1_high_new_001,front,head wind,Level1,50,high,85,2,drone_3,192.168.0.102,B13,3,front_3,4,1,front_continuous_pad_feedback_positive_y_250cm,2026-08-29T16:29:50.326,37.911,18.289,74,80,6
20260829_162912,front_50_head_lv1_high_new_001,front,head wind,Level1,50,high,85,2,drone_4,192.168.0.103,B14,4,front_4,5,2,front_continuous_pad_feedback_positive_y_250cm,2026-08-29T16:29:50.326,37.911,18.289,81,81,0
20260829_162912,front_50_head_lv1_high_new_001,front,head wind,Level1,50,high,85,2,drone_5,192.168.0.104,B12,5,front_5,6,3,front_continuous_pad_feedback_positive_y_250cm,2026-08-29T16:29:50.326,37.911,18.289,79,79,0
20260829_162912,front_50_head_lv1_high_new_001,front,head wind,Level1,50,high,85,2,drone_1,192.168.0.100,B11,1,front_1,2,7,front_continuous_pad_feedback_positive_y_250cm,2026-08-29T16:29:50.429,38.015,18.393,81,81,0
20260829_162912,front_50_head_lv1_high_new_001,front,head wind,Level1,50,high,85,2,drone_2,192.168.0.101,B10,2,front_2,3,8,front_continuous_pad_feedback_positive_y_250cm,2026-08-29T16:29:50.429,38.015,18.393,77,77,0
20260829_162912,front_50_head_lv1_high_new_001,front,head wind,Level1,50,high,85,2,drone_3,192.168.0.102,B13,3,front_3,4,1,front_continuous_pad_feedback_positive_y_250cm,2026-08-29T16:29:50.429,38.015,18.393,74,80,6
20260829_162912,front_50_head_lv1_high_new_001,front,head wind,Level1,50,high,85,2,drone_4,192.168.0.103,B14,4,front_4,5,2,front_continuous_pad_feedback_positive_y_250cm,2026-08-29T16:29:50.429,38.015,18.393,81,81,0
20260829_162912,front_50_head_lv1_high_new_001,front,head wind,Level1,50,high,85,2,drone_5,192.168.0.104,B12,5,front_5,6,3,front_continuous_pad_feedback_positive_y_250cm,2026-08-29T16:29:50.429,38.015,18.393,79,79,0
20260829_162912,front_50_head_lv1_high_new_001,front,head wind,Level1,50,high,85,2,drone_1,192.168.0.100,B11,1,front_1,2,7,front_continuous_pad_feedback_positive_y_250cm,2026-08-29T16:29:50.536,38.121,18.499,81,81,0
20260829_162912,front_50_head_lv1_high_new_001,front,head wind,Level1,50,high,85,2,drone_2,192.168.0.101,B10,2,front_2,3,8,front_continuous_pad_feedback_positive_y_250cm,2026-08-29T16:29:50.536,38.121,18.499,77,77,0
20260829_162912,front_50_head_lv1_high_new_001,front,head wind,Level1,50,high,85,2,drone_3,192.168.0.102,B13,3,front_3,4,1,front_continuous_pad_feedback_positive_y_250cm,2026-08-29T16:29:50.536,38.121,18.499,74,80,6
20260829_162912,front_50_head_lv1_high_new_001,front,head wind,Level1,50,high,85,2,drone_4,192.168.0.103,B14,4,front_4,5,2,front_continuous_pad_feedback_positive_y_250cm,2026-08-29T16:29:50.536,38.121,18.499,81,81,0
20260829_162912,front_50_head_lv1_high_new_001,front,head wind,Level1,50,high,85,2,drone_5,192.168.0.104,B12,5,front_5,6,3,front_continuous_pad_feedback_positive_y_250cm,2026-08-29T16:29:50.536,38.121,18.499,79,79,0
20260829_162912,front_50_head_lv1_high_new_001,front,head wind,Level1,50,high,85,2,drone_1,192.168.0.100,B11,1,front_1,2,7,front_continuous_pad_feedback_positive_y_250cm,2026-08-29T16:29:50.642,38.227,18.605,81,81,0
20260829_162912,front_50_head_lv1_high_new_001,front,head wind,Level1,50,high,85,2,drone_2,192.168.0.101,B10,2,front_2,3,8,front_continuous_pad_feedback_positive_y_250cm,2026-08-29T16:29:50.642,38.227,18.605,77,77,0
20260829_162912,front_50_head_lv1_high_new_001,front,head wind,Level1,50,high,85,2,drone_3,192.168.0.102,B13,3,front_3,4,1,front_continuous_pad_feedback_positive_y_250cm,2026-08-29T16:29:50.642,38.227,18.605,74,80,6
20260829_162912,front_50_head_lv1_high_new_001,front,head wind,Level1,50,high,85,2,drone_4,192.168.0.103,B14,4,front_4,5,2,front_continuous_pad_feedback_positive_y_250cm,2026-08-29T16:29:50.642,38.227,18.605,81,81,0
20260829_162912,front_50_head_lv1_high_new_001,front,head wind,Level1,50,high,85,2,drone_5,192.168.0.104,B12,5,front_5,6,3,front_continuous_pad_feedback_positive_y_250cm,2026-08-29T16:29:50.642,38.227,18.605,79,79,0
20260829_162912,front_50_head_lv1_high_new_001,front,head wind,Level1,50,high,85,2,drone_1,192.168.0.100,B11,1,front_1,2,7,front_continuous_pad_feedback_positive_y_250cm,2026-08-29T16:29:50.748,38.333,18.711,81,81,0
20260829_162912,front_50_head_lv1_high_new_001,front,head wind,Level1,50,high,85,2,drone_2,192.168.0.101,B10,2,front_2,3,8,front_continuous_pad_feedback_positive_y_250cm,2026-08-29T16:29:50.748,38.333,18.711,77,77,0
20260829_162912,front_50_head_lv1_high_new_001,front,head wind,Level1,50,high,85,2,drone_3,192.168.0.102,B13,3,front_3,4,1,front_continuous_pad_feedback_positive_y_250cm,2026-08-29T16:29:50.748,38.333,18.711,74,80,6
20260829_162912,front_50_head_lv1_high_new_001,front,head wind,Level1,50,high,85,2,drone_4,192.168.0.103,B14,4,front_4,5,2,front_continuous_pad_feedback_positive_y_250cm,2026-08-29T16:29:50.748,38.333,18.711,81,81,0
20260829_162912,front_50_head_lv1_high_new_001,front,head wind,Level1,50,high,85,2,drone_5,192.168.0.104,B12,5,front_5,6,3,front_continuous_pad_feedback_positive_y_250cm,2026-08-29T16:29:50.748,38.333,18.711,79,79,0
20260829_162912,front_50_head_lv1_high_new_001,front,head wind,Level1,50,high,85,2,drone_1,192.168.0.100,B11,1,front_1,2,7,front_continuous_pad_feedback_positive_y_250cm,2026-08-29T16:29:50.854,38.439,18.817,81,81,0
20260829_162912,front_50_head_lv1_high_new_001,front,head wind,Level1,50,high,85,2,drone_2,192.168.0.101,B10,2,front_2,3,8,front_continuous_pad_feedback_positive_y_250cm,2026-08-29T16:29:50.854,38.439,18.817,77,77,0
20260829_162912,front_50_head_lv1_high_new_001,front,head wind,Level1,50,high,85,2,drone_3,192.168.0.102,B13,3,front_3,4,1,front_continuous_pad_feedback_positive_y_250cm,2026-08-29T16:29:50.854,38.439,18.817,74,80,6
20260829_162912,front_50_head_lv1_high_new_001,front,head wind,Level1,50,high,85,2,drone_4,192.168.0.103,B14,4,front_4,5,2,front_continuous_pad_feedback_positive_y_250cm,2026-08-29T16:29:50.854,38.439,18.817,81,81,0
20260829_162912,front_50_head_lv1_high_new_001,front,head wind,Level1,50,high,85,2,drone_5,192.168.0.104,B12,5,front_5,6,3,front_continuous_pad_feedback_positive_y_250cm,2026-08-29T16:29:50.854,38.439,18.817,79,79,0
20260829_162912,front_50_head_lv1_high_new_001,front,head wind,Level1,50,high,85,2,drone_1,192.168.0.100,B11,1,front_1,2,7,front_continuous_pad_feedback_positive_y_250cm,2026-08-29T16:29:50.963,38.548,18.926,81,81,0
20260829_162912,front_50_head_lv1_high_new_001,front,head wind,Level1,50,high,85,2,drone_2,192.168.0.101,B10,2,front_2,3,8,front_continuous_pad_feedback_positive_y_250cm,2026-08-29T16:29:50.963,38.548,18.926,77,77,0
20260829_162912,front_50_head_lv1_high_new_001,front,head wind,Level1,50,high,85,2,drone_3,192.168.0.102,B13,3,front_3,4,1,front_continuous_pad_feedback_positive_y_250cm,2026-08-29T16:29:50.963,38.548,18.926,74,80,6
20260829_162912,front_50_head_lv1_high_new_001,front,head wind,Level1,50,high,85,2,drone_4,192.168.0.103,B14,4,front_4,5,2,front_continuous_pad_feedback_positive_y_250cm,2026-08-29T16:29:50.963,38.548,18.926,81,81,0
20260829_162912,front_50_head_lv1_high_new_001,front,head wind,Level1,50,high,85,2,drone_5,192.168.0.104,B12,5,front_5,6,3,front_continuous_pad_feedback_positive_y_250cm,2026-08-29T16:29:50.963,38.548,18.926,79,79,0
20260829_162912,front_50_head_lv1_high_new_001,front,head wind,Level1,50,high,85,2,drone_1,192.168.0.100,B11,1,front_1,2,7,front_continuous_pad_feedback_positive_y_250cm,2026-08-29T16:29:51.068,38.653,19.031,81,81,0
20260829_162912,front_50_head_lv1_high_new_001,front,head wind,Level1,50,high,85,2,drone_2,192.168.0.101,B10,2,front_2,3,8,front_continuous_pad_feedback_positive_y_250cm,2026-08-29T16:29:51.068,38.653,19.031,77,77,0
20260829_162912,front_50_head_lv1_high_new_001,front,head wind,Level1,50,high,85,2,drone_3,192.168.0.102,B13,3,front_3,4,1,front_continuous_pad_feedback_positive_y_250cm,2026-08-29T16:29:51.068,38.653,19.031,74,80,6
20260829_162912,front_50_head_lv1_high_new_001,front,head wind,Level1,50,high,85,2,drone_4,192.168.0.103,B14,4,front_4,5,2,front_continuous_pad_feedback_positive_y_250cm,2026-08-29T16:29:51.068,38.653,19.031,81,81,0
20260829_162912,front_50_head_lv1_high_new_001,front,head wind,Level1,50,high,85,2,drone_5,192.168.0.104,B12,5,front_5,6,3,front_continuous_pad_feedback_positive_y_250cm,2026-08-29T16:29:51.068,38.653,19.031,79,79,0
20260829_162912,front_50_head_lv1_high_new_001,front,head wind,Level1,50,high,85,2,drone_1,192.168.0.100,B11,1,front_1,2,7,front_continuous_pad_feedback_positive_y_250cm,2026-08-29T16:29:51.174,38.759,19.137,81,81,0
20260829_162912,front_50_head_lv1_high_new_001,front,head wind,Level1,50,high,85,2,drone_2,192.168.0.101,B10,2,front_2,3,8,front_continuous_pad_feedback_positive_y_250cm,2026-08-29T16:29:51.174,38.759,19.137,77,77,0
20260829_162912,front_50_head_lv1_high_new_001,front,head wind,Level1,50,high,85,2,drone_3,192.168.0.102,B13,3,front_3,4,1,front_continuous_pad_feedback_positive_y_250cm,2026-08-29T16:29:51.174,38.759,19.137,74,80,6
20260829_162912,front_50_head_lv1_high_new_001,front,head wind,Level1,50,high,85,2,drone_4,192.168.0.103,B14,4,front_4,5,2,front_continuous_pad_feedback_positive_y_250cm,2026-08-29T16:29:51.174,38.759,19.137,81,81,0
20260829_162912,front_50_head_lv1_high_new_001,front,head wind,Level1,50,high,85,2,drone_5,192.168.0.104,B12,5,front_5,6,3,front_continuous_pad_feedback_positive_y_250cm,2026-08-29T16:29:51.174,38.759,19.137,79,79,0
20260829_162912,front_50_head_lv1_high_new_001,front,head wind,Level1,50,high,85,2,drone_1,192.168.0.100,B11,1,front_1,2,7,front_continuous_pad_feedback_positive_y_250cm,2026-08-29T16:29:51.281,38.867,19.245,81,81,0
20260829_162912,front_50_head_lv1_high_new_001,front,head wind,Level1,50,high,85,2,drone_2,192.168.0.101,B10,2,front_2,3,8,front_continuous_pad_feedback_positive_y_250cm,2026-08-29T16:29:51.281,38.867,19.245,77,77,0
20260829_162912,front_50_head_lv1_high_new_001,front,head wind,Level1,50,high,85,2,drone_3,192.168.0.102,B13,3,front_3,4,1,front_continuous_pad_feedback_positive_y_250cm,2026-08-29T16:29:51.281,38.867,19.245,74,80,6
20260829_162912,front_50_head_lv1_high_new_001,front,head wind,Level1,50,high,85,2,drone_4,192.168.0.103,B14,4,front_4,5,2,front_continuous_pad_feedback_positive_y_250cm,2026-08-29T16:29:51.281,38.867,19.245,81,81,0
20260829_162912,front_50_head_lv1_high_new_001,front,head wind,Level1,50,high,85,2,drone_5,192.168.0.104,B12,5,front_5,6,3,front_continuous_pad_feedback_positive_y_250cm,2026-08-29T16:29:51.281,38.867,19.245,79,79,0
20260829_162912,front_50_head_lv1_high_new_001,front,head wind,Level1,50,high,85,2,drone_1,192.168.0.100,B11,1,front_1,2,7,front_continuous_pad_feedback_positive_y_250cm,2026-08-29T16:29:51.384,38.97,19.348,81,81,0
20260829_162912,front_50_head_lv1_high_new_001,front,head wind,Level1,50,high,85,2,drone_2,192.168.0.101,B10,2,front_2,3,8,front_continuous_pad_feedback_positive_y_250cm,2026-08-29T16:29:51.384,38.97,19.348,77,77,0
20260829_162912,front_50_head_lv1_high_new_001,front,head wind,Level1,50,high,85,2,drone_3,192.168.0.102,B13,3,front_3,4,1,front_continuous_pad_feedback_positive_y_250cm,2026-08-29T16:29:51.384,38.97,19.348,74,80,6
20260829_162912,front_50_head_lv1_high_new_001,front,head wind,Level1,50,high,85,2,drone_4,192.168.0.103,B14,4,front_4,5,2,front_continuous_pad_feedback_positive_y_250cm,2026-08-29T16:29:51.384,38.97,19.348,81,81,0
20260829_162912,front_50_head_lv1_high_new_001,front,head wind,Level1,50,high,85,2,drone_5,192.168.0.104,B12,5,front_5,6,3,front_continuous_pad_feedback_positive_y_250cm,2026-08-29T16:29:51.384,38.97,19.348,79,79,0
20260829_162912,front_50_head_lv1_high_new_001,front,head wind,Level1,50,high,85,2,drone_1,192.168.0.100,B11,1,front_1,2,7,front_continuous_pad_feedback_positive_y_250cm,2026-08-29T16:29:51.490,39.075,19.453,81,81,0
20260829_162912,front_50_head_lv1_high_new_001,front,head wind,Level1,50,high,85,2,drone_2,192.168.0.101,B10,2,front_2,3,8,front_continuous_pad_feedback_positive_y_250cm,2026-08-29T16:29:51.490,39.075,19.453,77,77,0
20260829_162912,front_50_head_lv1_high_new_001,front,head wind,Level1,50,high,85,2,drone_3,192.168.0.102,B13,3,front_3,4,1,front_continuous_pad_feedback_positive_y_250cm,2026-08-29T16:29:51.490,39.075,19.453,74,80,6
20260829_162912,front_50_head_lv1_high_new_001,front,head wind,Level1,50,high,85,2,drone_4,192.168.0.103,B14,4,front_4,5,2,front_continuous_pad_feedback_positive_y_250cm,2026-08-29T16:29:51.490,39.075,19.453,81,81,0
20260829_162912,front_50_head_lv1_high_new_001,front,head wind,Level1,50,high,85,2,drone_5,192.168.0.104,B12,5,front_5,6,3,front_continuous_pad_feedback_positive_y_250cm,2026-08-29T16:29:51.490,39.075,19.453,79,79,0
20260829_162912,front_50_head_lv1_high_new_001,front,head wind,Level1,50,high,85,2,drone_1,192.168.0.100,B11,1,front_1,2,7,front_continuous_pad_feedback_positive_y_250cm,2026-08-29T16:29:51.598,39.184,19.562,81,81,0
20260829_162912,front_50_head_lv1_high_new_001,front,head wind,Level1,50,high,85,2,drone_2,192.168.0.101,B10,2,front_2,3,8,front_continuous_pad_feedback_positive_y_250cm,2026-08-29T16:29:51.598,39.184,19.562,77,77,0
20260829_162912,front_50_head_lv1_high_new_001,front,head wind,Level1,50,high,85,2,drone_3,192.168.0.102,B13,3,front_3,4,1,front_continuous_pad_feedback_positive_y_250cm,2026-08-29T16:29:51.598,39.184,19.562,74,80,6
20260829_162912,front_50_head_lv1_high_new_001,front,head wind,Level1,50,high,85,2,drone_4,192.168.0.103,B14,4,front_4,5,2,front_continuous_pad_feedback_positive_y_250cm,2026-08-29T16:29:51.598,39.184,19.562,81,81,0
20260829_162912,front_50_head_lv1_high_new_001,front,head wind,Level1,50,high,85,2,drone_5,192.168.0.104,B12,5,front_5,6,3,front_continuous_pad_feedback_positive_y_250cm,2026-08-29T16:29:51.598,39.184,19.562,79,79,0
20260829_162912,front_50_head_lv1_high_new_001,front,head wind,Level1,50,high,85,2,drone_1,192.168.0.100,B11,1,front_1,2,7,front_continuous_pad_feedback_positive_y_250cm,2026-08-29T16:29:51.706,39.291,19.669,81,81,0
20260829_162912,front_50_head_lv1_high_new_001,front,head wind,Level1,50,high,85,2,drone_2,192.168.0.101,B10,2,front_2,3,8,front_continuous_pad_feedback_positive_y_250cm,2026-08-29T16:29:51.706,39.291,19.669,77,77,0
20260829_162912,front_50_head_lv1_high_new_001,front,head wind,Level1,50,high,85,2,drone_3,192.168.0.102,B13,3,front_3,4,1,front_continuous_pad_feedback_positive_y_250cm,2026-08-29T16:29:51.706,39.291,19.669,74,80,6
20260829_162912,front_50_head_lv1_high_new_001,front,head wind,Level1,50,high,85,2,drone_4,192.168.0.103,B14,4,front_4,5,2,front_continuous_pad_feedback_positive_y_250cm,2026-08-29T16:29:51.706,39.291,19.669,81,81,0
20260829_162912,front_50_head_lv1_high_new_001,front,head wind,Level1,50,high,85,2,drone_5,192.168.0.104,B12,5,front_5,6,3,front_continuous_pad_feedback_positive_y_250cm,2026-08-29T16:29:51.706,39.291,19.669,79,79,0
20260829_162912,front_50_head_lv1_high_new_001,front,head wind,Level1,50,high,85,2,drone_1,192.168.0.100,B11,1,front_1,2,7,front_continuous_pad_feedback_positive_y_250cm,2026-08-29T16:29:51.812,39.397,19.775,81,81,0
20260829_162912,front_50_head_lv1_high_new_001,front,head wind,Level1,50,high,85,2,drone_2,192.168.0.101,B10,2,front_2,3,8,front_continuous_pad_feedback_positive_y_250cm,2026-08-29T16:29:51.812,39.397,19.775,77,77,0
20260829_162912,front_50_head_lv1_high_new_001,front,head wind,Level1,50,high,85,2,drone_3,192.168.0.102,B13,3,front_3,4,1,front_continuous_pad_feedback_positive_y_250cm,2026-08-29T16:29:51.812,39.397,19.775,74,80,6
20260829_162912,front_50_head_lv1_high_new_001,front,head wind,Level1,50,high,85,2,drone_4,192.168.0.103,B14,4,front_4,5,2,front_continuous_pad_feedback_positive_y_250cm,2026-08-29T16:29:51.812,39.397,19.775,81,81,0
20260829_162912,front_50_head_lv1_high_new_001,front,head wind,Level1,50,high,85,2,drone_5,192.168.0.104,B12,5,front_5,6,3,front_continuous_pad_feedback_positive_y_250cm,2026-08-29T16:29:51.812,39.397,19.775,79,79,0
20260829_162912,front_50_head_lv1_high_new_001,front,head wind,Level1,50,high,85,2,drone_1,192.168.0.100,B11,1,front_1,2,7,front_continuous_pad_feedback_positive_y_250cm,2026-08-29T16:29:51.917,39.503,19.881,81,81,0
20260829_162912,front_50_head_lv1_high_new_001,front,head wind,Level1,50,high,85,2,drone_2,192.168.0.101,B10,2,front_2,3,8,front_continuous_pad_feedback_positive_y_250cm,2026-08-29T16:29:51.917,39.503,19.881,77,77,0
20260829_162912,front_50_head_lv1_high_new_001,front,head wind,Level1,50,high,85,2,drone_3,192.168.0.102,B13,3,front_3,4,1,front_continuous_pad_feedback_positive_y_250cm,2026-08-29T16:29:51.917,39.503,19.881,74,80,6
20260829_162912,front_50_head_lv1_high_new_001,front,head wind,Level1,50,high,85,2,drone_4,192.168.0.103,B14,4,front_4,5,2,front_continuous_pad_feedback_positive_y_250cm,2026-08-29T16:29:51.917,39.503,19.881,81,81,0
20260829_162912,front_50_head_lv1_high_new_001,front,head wind,Level1,50,high,85,2,drone_5,192.168.0.104,B12,5,front_5,6,3,front_continuous_pad_feedback_positive_y_250cm,2026-08-29T16:29:51.917,39.503,19.881,79,79,0
20260829_162912,front_50_head_lv1_high_new_001,front,head wind,Level1,50,high,85,2,drone_1,192.168.0.100,B11,1,front_1,2,7,front_continuous_pad_feedback_positive_y_250cm,2026-08-29T16:29:52.026,39.611,19.989,81,81,0
20260829_162912,front_50_head_lv1_high_new_001,front,head wind,Level1,50,high,85,2,drone_2,192.168.0.101,B10,2,front_2,3,8,front_continuous_pad_feedback_positive_y_250cm,2026-08-29T16:29:52.026,39.611,19.989,77,77,0
20260829_162912,front_50_head_lv1_high_new_001,front,head wind,Level1,50,high,85,2,drone_3,192.168.0.102,B13,3,front_3,4,1,front_continuous_pad_feedback_positive_y_250cm,2026-08-29T16:29:52.026,39.611,19.989,74,80,6
20260829_162912,front_50_head_lv1_high_new_001,front,head wind,Level1,50,high,85,2,drone_4,192.168.0.103,B14,4,front_4,5,2,front_continuous_pad_feedback_positive_y_250cm,2026-08-29T16:29:52.026,39.611,19.989,81,81,0
20260829_162912,front_50_head_lv1_high_new_001,front,head wind,Level1,50,high,85,2,drone_5,192.168.0.104,B12,5,front_5,6,3,front_continuous_pad_feedback_positive_y_250cm,2026-08-29T16:29:52.026,39.611,19.989,79,79,0
20260829_162912,front_50_head_lv1_high_new_001,front,head wind,Level1,50,high,85,2,drone_1,192.168.0.100,B11,1,front_1,2,7,front_continuous_pad_feedback_positive_y_250cm,2026-08-29T16:29:52.134,39.719,20.097,81,81,0
20260829_162912,front_50_head_lv1_high_new_001,front,head wind,Level1,50,high,85,2,drone_2,192.168.0.101,B10,2,front_2,3,8,front_continuous_pad_feedback_positive_y_250cm,2026-08-29T16:29:52.134,39.719,20.097,77,77,0
20260829_162912,front_50_head_lv1_high_new_001,front,head wind,Level1,50,high,85,2,drone_3,192.168.0.102,B13,3,front_3,4,1,front_continuous_pad_feedback_positive_y_250cm,2026-08-29T16:29:52.134,39.719,20.097,74,80,6
20260829_162912,front_50_head_lv1_high_new_001,front,head wind,Level1,50,high,85,2,drone_4,192.168.0.103,B14,4,front_4,5,2,front_continuous_pad_feedback_positive_y_250cm,2026-08-29T16:29:52.134,39.719,20.097,81,81,0
20260829_162912,front_50_head_lv1_high_new_001,front,head wind,Level1,50,high,85,2,drone_5,192.168.0.104,B12,5,front_5,6,3,front_continuous_pad_feedback_positive_y_250cm,2026-08-29T16:29:52.134,39.719,20.097,79,79,0
20260829_162912,front_50_head_lv1_high_new_001,front,head wind,Level1,50,high,85,2,drone_1,192.168.0.100,B11,1,front_1,2,7,front_continuous_pad_feedback_positive_y_250cm,2026-08-29T16:29:52.241,39.827,20.205,81,81,0
20260829_162912,front_50_head_lv1_high_new_001,front,head wind,Level1,50,high,85,2,drone_2,192.168.0.101,B10,2,front_2,3,8,front_continuous_pad_feedback_positive_y_250cm,2026-08-29T16:29:52.241,39.827,20.205,77,77,0
20260829_162912,front_50_head_lv1_high_new_001,front,head wind,Level1,50,high,85,2,drone_3,192.168.0.102,B13,3,front_3,4,1,front_continuous_pad_feedback_positive_y_250cm,2026-08-29T16:29:52.241,39.827,20.205,74,80,6
20260829_162912,front_50_head_lv1_high_new_001,front,head wind,Level1,50,high,85,2,drone_4,192.168.0.103,B14,4,front_4,5,2,front_continuous_pad_feedback_positive_y_250cm,2026-08-29T16:29:52.241,39.827,20.205,81,81,0
20260829_162912,front_50_head_lv1_high_new_001,front,head wind,Level1,50,high,85,2,drone_5,192.168.0.104,B12,5,front_5,6,3,front_continuous_pad_feedback_positive_y_250cm,2026-08-29T16:29:52.241,39.827,20.205,79,79,0
20260829_162912,front_50_head_lv1_high_new_001,front,head wind,Level1,50,high,85,2,drone_1,192.168.0.100,B11,1,front_1,2,7,front_continuous_pad_feedback_positive_y_250cm,2026-08-29T16:29:52.348,39.933,20.312,81,81,0
20260829_162912,front_50_head_lv1_high_new_001,front,head wind,Level1,50,high,85,2,drone_2,192.168.0.101,B10,2,front_2,3,8,front_continuous_pad_feedback_positive_y_250cm,2026-08-29T16:29:52.348,39.933,20.312,77,77,0
20260829_162912,front_50_head_lv1_high_new_001,front,head wind,Level1,50,high,85,2,drone_3,192.168.0.102,B13,3,front_3,4,1,front_continuous_pad_feedback_positive_y_250cm,2026-08-29T16:29:52.348,39.933,20.312,74,80,6
20260829_162912,front_50_head_lv1_high_new_001,front,head wind,Level1,50,high,85,2,drone_4,192.168.0.103,B14,4,front_4,5,2,front_continuous_pad_feedback_positive_y_250cm,2026-08-29T16:29:52.348,39.933,20.312,81,81,0
20260829_162912,front_50_head_lv1_high_new_001,front,head wind,Level1,50,high,85,2,drone_5,192.168.0.104,B12,5,front_5,6,3,front_continuous_pad_feedback_positive_y_250cm,2026-08-29T16:29:52.348,39.933,20.312,79,79,0
20260829_162912,front_50_head_lv1_high_new_001,front,head wind,Level1,50,high,85,2,drone_1,192.168.0.100,B11,1,front_1,2,7,front_continuous_pad_feedback_positive_y_250cm,2026-08-29T16:29:52.450,40.035,20.413,81,81,0
20260829_162912,front_50_head_lv1_high_new_001,front,head wind,Level1,50,high,85,2,drone_2,192.168.0.101,B10,2,front_2,3,8,front_continuous_pad_feedback_positive_y_250cm,2026-08-29T16:29:52.450,40.035,20.413,77,77,0
20260829_162912,front_50_head_lv1_high_new_001,front,head wind,Level1,50,high,85,2,drone_3,192.168.0.102,B13,3,front_3,4,1,front_continuous_pad_feedback_positive_y_250cm,2026-08-29T16:29:52.450,40.035,20.413,74,80,6
20260829_162912,front_50_head_lv1_high_new_001,front,head wind,Level1,50,high,85,2,drone_4,192.168.0.103,B14,4,front_4,5,2,front_continuous_pad_feedback_positive_y_250cm,2026-08-29T16:29:52.450,40.035,20.413,81,81,0
20260829_162912,front_50_head_lv1_high_new_001,front,head wind,Level1,50,high,85,2,drone_5,192.168.0.104,B12,5,front_5,6,3,front_continuous_pad_feedback_positive_y_250cm,2026-08-29T16:29:52.450,40.035,20.413,79,79,0
20260829_162912,front_50_head_lv1_high_new_001,front,head wind,Level1,50,high,85,2,drone_1,192.168.0.100,B11,1,front_1,2,7,front_continuous_pad_feedback_positive_y_250cm,2026-08-29T16:29:52.557,40.142,20.521,81,81,0
20260829_162912,front_50_head_lv1_high_new_001,front,head wind,Level1,50,high,85,2,drone_2,192.168.0.101,B10,2,front_2,3,8,front_continuous_pad_feedback_positive_y_250cm,2026-08-29T16:29:52.557,40.142,20.521,77,77,0
20260829_162912,front_50_head_lv1_high_new_001,front,head wind,Level1,50,high,85,2,drone_3,192.168.0.102,B13,3,front_3,4,1,front_continuous_pad_feedback_positive_y_250cm,2026-08-29T16:29:52.557,40.142,20.521,74,80,6
20260829_162912,front_50_head_lv1_high_new_001,front,head wind,Level1,50,high,85,2,drone_4,192.168.0.103,B14,4,front_4,5,2,front_continuous_pad_feedback_positive_y_250cm,2026-08-29T16:29:52.557,40.142,20.521,81,81,0
20260829_162912,front_50_head_lv1_high_new_001,front,head wind,Level1,50,high,85,2,drone_5,192.168.0.104,B12,5,front_5,6,3,front_continuous_pad_feedback_positive_y_250cm,2026-08-29T16:29:52.557,40.142,20.521,79,79,0
20260829_162912,front_50_head_lv1_high_new_001,front,head wind,Level1,50,high,85,2,drone_1,192.168.0.100,B11,1,front_1,2,7,front_continuous_pad_feedback_positive_y_250cm,2026-08-29T16:29:52.663,40.248,20.626,81,81,0
20260829_162912,front_50_head_lv1_high_new_001,front,head wind,Level1,50,high,85,2,drone_2,192.168.0.101,B10,2,front_2,3,8,front_continuous_pad_feedback_positive_y_250cm,2026-08-29T16:29:52.663,40.248,20.626,77,77,0
20260829_162912,front_50_head_lv1_high_new_001,front,head wind,Level1,50,high,85,2,drone_3,192.168.0.102,B13,3,front_3,4,1,front_continuous_pad_feedback_positive_y_250cm,2026-08-29T16:29:52.663,40.248,20.626,74,80,6
20260829_162912,front_50_head_lv1_high_new_001,front,head wind,Level1,50,high,85,2,drone_4,192.168.0.103,B14,4,front_4,5,2,front_continuous_pad_feedback_positive_y_250cm,2026-08-29T16:29:52.663,40.248,20.626,81,81,0
20260829_162912,front_50_head_lv1_high_new_001,front,head wind,Level1,50,high,85,2,drone_5,192.168.0.104,B12,5,front_5,6,3,front_continuous_pad_feedback_positive_y_250cm,2026-08-29T16:29:52.663,40.248,20.626,79,79,0
20260829_162912,front_50_head_lv1_high_new_001,front,head wind,Level1,50,high,85,2,drone_1,192.168.0.100,B11,1,front_1,2,7,front_continuous_pad_feedback_positive_y_250cm,2026-08-29T16:29:52.771,40.356,20.734,81,81,0
20260829_162912,front_50_head_lv1_high_new_001,front,head wind,Level1,50,high,85,2,drone_2,192.168.0.101,B10,2,front_2,3,8,front_continuous_pad_feedback_positive_y_250cm,2026-08-29T16:29:52.771,40.356,20.734,77,77,0
20260829_162912,front_50_head_lv1_high_new_001,front,head wind,Level1,50,high,85,2,drone_3,192.168.0.102,B13,3,front_3,4,1,front_continuous_pad_feedback_positive_y_250cm,2026-08-29T16:29:52.771,40.356,20.734,74,80,6
20260829_162912,front_50_head_lv1_high_new_001,front,head wind,Level1,50,high,85,2,drone_4,192.168.0.103,B14,4,front_4,5,2,front_continuous_pad_feedback_positive_y_250cm,2026-08-29T16:29:52.771,40.356,20.734,81,81,0
20260829_162912,front_50_head_lv1_high_new_001,front,head wind,Level1,50,high,85,2,drone_5,192.168.0.104,B12,5,front_5,6,3,front_continuous_pad_feedback_positive_y_250cm,2026-08-29T16:29:52.771,40.356,20.734,79,79,0
20260829_162912,front_50_head_lv1_high_new_001,front,head wind,Level1,50,high,85,2,drone_1,192.168.0.100,B11,1,front_1,2,7,front_continuous_pad_feedback_positive_y_250cm,2026-08-29T16:29:52.877,40.462,20.84,81,81,0
20260829_162912,front_50_head_lv1_high_new_001,front,head wind,Level1,50,high,85,2,drone_2,192.168.0.101,B10,2,front_2,3,8,front_continuous_pad_feedback_positive_y_250cm,2026-08-29T16:29:52.877,40.462,20.84,77,77,0
20260829_162912,front_50_head_lv1_high_new_001,front,head wind,Level1,50,high,85,2,drone_3,192.168.0.102,B13,3,front_3,4,1,front_continuous_pad_feedback_positive_y_250cm,2026-08-29T16:29:52.877,40.462,20.84,73,80,7
20260829_162912,front_50_head_lv1_high_new_001,front,head wind,Level1,50,high,85,2,drone_4,192.168.0.103,B14,4,front_4,5,2,front_continuous_pad_feedback_positive_y_250cm,2026-08-29T16:29:52.877,40.462,20.84,81,81,0
20260829_162912,front_50_head_lv1_high_new_001,front,head wind,Level1,50,high,85,2,drone_5,192.168.0.104,B12,5,front_5,6,3,front_continuous_pad_feedback_positive_y_250cm,2026-08-29T16:29:52.877,40.462,20.84,79,79,0
20260829_162912,front_50_head_lv1_high_new_001,front,head wind,Level1,50,high,85,2,drone_1,192.168.0.100,B11,1,front_1,2,7,front_continuous_pad_feedback_positive_y_250cm,2026-08-29T16:29:52.983,40.569,20.947,81,81,0
20260829_162912,front_50_head_lv1_high_new_001,front,head wind,Level1,50,high,85,2,drone_2,192.168.0.101,B10,2,front_2,3,8,front_continuous_pad_feedback_positive_y_250cm,2026-08-29T16:29:52.983,40.569,20.947,77,77,0
20260829_162912,front_50_head_lv1_high_new_001,front,head wind,Level1,50,high,85,2,drone_3,192.168.0.102,B13,3,front_3,4,1,front_continuous_pad_feedback_positive_y_250cm,2026-08-29T16:29:52.983,40.569,20.947,73,80,7
20260829_162912,front_50_head_lv1_high_new_001,front,head wind,Level1,50,high,85,2,drone_4,192.168.0.103,B14,4,front_4,5,2,front_continuous_pad_feedback_positive_y_250cm,2026-08-29T16:29:52.983,40.569,20.947,81,81,0
20260829_162912,front_50_head_lv1_high_new_001,front,head wind,Level1,50,high,85,2,drone_5,192.168.0.104,B12,5,front_5,6,3,front_continuous_pad_feedback_positive_y_250cm,2026-08-29T16:29:52.983,40.569,20.947,79,79,0
20260829_162912,front_50_head_lv1_high_new_001,front,head wind,Level1,50,high,85,2,drone_1,192.168.0.100,B11,1,front_1,2,7,front_continuous_pad_feedback_positive_y_250cm,2026-08-29T16:29:53.087,40.672,21.05,81,81,0
20260829_162912,front_50_head_lv1_high_new_001,front,head wind,Level1,50,high,85,2,drone_2,192.168.0.101,B10,2,front_2,3,8,front_continuous_pad_feedback_positive_y_250cm,2026-08-29T16:29:53.087,40.672,21.05,77,77,0
20260829_162912,front_50_head_lv1_high_new_001,front,head wind,Level1,50,high,85,2,drone_3,192.168.0.102,B13,3,front_3,4,1,front_continuous_pad_feedback_positive_y_250cm,2026-08-29T16:29:53.087,40.672,21.05,73,80,7
20260829_162912,front_50_head_lv1_high_new_001,front,head wind,Level1,50,high,85,2,drone_4,192.168.0.103,B14,4,front_4,5,2,front_continuous_pad_feedback_positive_y_250cm,2026-08-29T16:29:53.087,40.672,21.05,81,81,0
20260829_162912,front_50_head_lv1_high_new_001,front,head wind,Level1,50,high,85,2,drone_5,192.168.0.104,B12,5,front_5,6,3,front_continuous_pad_feedback_positive_y_250cm,2026-08-29T16:29:53.087,40.672,21.05,79,79,0
20260829_162912,front_50_head_lv1_high_new_001,front,head wind,Level1,50,high,85,2,drone_1,192.168.0.100,B11,1,front_1,2,7,front_continuous_pad_feedback_positive_y_250cm,2026-08-29T16:29:53.192,40.777,21.156,81,81,0
20260829_162912,front_50_head_lv1_high_new_001,front,head wind,Level1,50,high,85,2,drone_2,192.168.0.101,B10,2,front_2,3,8,front_continuous_pad_feedback_positive_y_250cm,2026-08-29T16:29:53.192,40.777,21.156,77,77,0
20260829_162912,front_50_head_lv1_high_new_001,front,head wind,Level1,50,high,85,2,drone_3,192.168.0.102,B13,3,front_3,4,1,front_continuous_pad_feedback_positive_y_250cm,2026-08-29T16:29:53.192,40.777,21.156,73,80,7
20260829_162912,front_50_head_lv1_high_new_001,front,head wind,Level1,50,high,85,2,drone_4,192.168.0.103,B14,4,front_4,5,2,front_continuous_pad_feedback_positive_y_250cm,2026-08-29T16:29:53.192,40.777,21.156,81,81,0
20260829_162912,front_50_head_lv1_high_new_001,front,head wind,Level1,50,high,85,2,drone_5,192.168.0.104,B12,5,front_5,6,3,front_continuous_pad_feedback_positive_y_250cm,2026-08-29T16:29:53.192,40.777,21.156,79,79,0
20260829_162912,front_50_head_lv1_high_new_001,front,head wind,Level1,50,high,85,2,drone_1,192.168.0.100,B11,1,front_1,2,7,front_continuous_pad_feedback_positive_y_250cm,2026-08-29T16:29:53.301,40.886,21.264,81,81,0
20260829_162912,front_50_head_lv1_high_new_001,front,head wind,Level1,50,high,85,2,drone_2,192.168.0.101,B10,2,front_2,3,8,front_continuous_pad_feedback_positive_y_250cm,2026-08-29T16:29:53.301,40.886,21.264,77,77,0
20260829_162912,front_50_head_lv1_high_new_001,front,head wind,Level1,50,high,85,2,drone_3,192.168.0.102,B13,3,front_3,4,1,front_continuous_pad_feedback_positive_y_250cm,2026-08-29T16:29:53.301,40.886,21.264,73,80,7
20260829_162912,front_50_head_lv1_high_new_001,front,head wind,Level1,50,high,85,2,drone_4,192.168.0.103,B14,4,front_4,5,2,front_continuous_pad_feedback_positive_y_250cm,2026-08-29T16:29:53.301,40.886,21.264,81,81,0
20260829_162912,front_50_head_lv1_high_new_001,front,head wind,Level1,50,high,85,2,drone_5,192.168.0.104,B12,5,front_5,6,3,front_continuous_pad_feedback_positive_y_250cm,2026-08-29T16:29:53.301,40.886,21.264,79,79,0
20260829_162912,front_50_head_lv1_high_new_001,front,head wind,Level1,50,high,85,2,drone_1,192.168.0.100,B11,1,front_1,2,7,front_continuous_pad_feedback_positive_y_250cm,2026-08-29T16:29:53.406,40.991,21.369,81,81,0
20260829_162912,front_50_head_lv1_high_new_001,front,head wind,Level1,50,high,85,2,drone_2,192.168.0.101,B10,2,front_2,3,8,front_continuous_pad_feedback_positive_y_250cm,2026-08-29T16:29:53.406,40.991,21.369,77,77,0
20260829_162912,front_50_head_lv1_high_new_001,front,head wind,Level1,50,high,85,2,drone_3,192.168.0.102,B13,3,front_3,4,1,front_continuous_pad_feedback_positive_y_250cm,2026-08-29T16:29:53.406,40.991,21.369,73,80,7
20260829_162912,front_50_head_lv1_high_new_001,front,head wind,Level1,50,high,85,2,drone_4,192.168.0.103,B14,4,front_4,5,2,front_continuous_pad_feedback_positive_y_250cm,2026-08-29T16:29:53.406,40.991,21.369,81,81,0
20260829_162912,front_50_head_lv1_high_new_001,front,head wind,Level1,50,high,85,2,drone_5,192.168.0.104,B12,5,front_5,6,3,front_continuous_pad_feedback_positive_y_250cm,2026-08-29T16:29:53.406,40.991,21.369,79,79,0
20260829_162912,front_50_head_lv1_high_new_001,front,head wind,Level1,50,high,85,2,drone_1,192.168.0.100,B11,1,front_1,2,7,front_continuous_pad_feedback_positive_y_250cm,2026-08-29T16:29:53.511,41.097,21.475,81,81,0
20260829_162912,front_50_head_lv1_high_new_001,front,head wind,Level1,50,high,85,2,drone_2,192.168.0.101,B10,2,front_2,3,8,front_continuous_pad_feedback_positive_y_250cm,2026-08-29T16:29:53.511,41.097,21.475,77,77,0
20260829_162912,front_50_head_lv1_high_new_001,front,head wind,Level1,50,high,85,2,drone_3,192.168.0.102,B13,3,front_3,4,1,front_continuous_pad_feedback_positive_y_250cm,2026-08-29T16:29:53.511,41.097,21.475,73,80,7
20260829_162912,front_50_head_lv1_high_new_001,front,head wind,Level1,50,high,85,2,drone_4,192.168.0.103,B14,4,front_4,5,2,front_continuous_pad_feedback_positive_y_250cm,2026-08-29T16:29:53.511,41.097,21.475,81,81,0
20260829_162912,front_50_head_lv1_high_new_001,front,head wind,Level1,50,high,85,2,drone_5,192.168.0.104,B12,5,front_5,6,3,front_continuous_pad_feedback_positive_y_250cm,2026-08-29T16:29:53.511,41.097,21.475,79,79,0
20260829_162912,front_50_head_lv1_high_new_001,front,head wind,Level1,50,high,85,2,drone_1,192.168.0.100,B11,1,front_1,2,7,front_continuous_pad_feedback_positive_y_250cm,2026-08-29T16:29:53.616,41.202,21.58,81,81,0
20260829_162912,front_50_head_lv1_high_new_001,front,head wind,Level1,50,high,85,2,drone_2,192.168.0.101,B10,2,front_2,3,8,front_continuous_pad_feedback_positive_y_250cm,2026-08-29T16:29:53.616,41.202,21.58,77,77,0
20260829_162912,front_50_head_lv1_high_new_001,front,head wind,Level1,50,high,85,2,drone_3,192.168.0.102,B13,3,front_3,4,1,front_continuous_pad_feedback_positive_y_250cm,2026-08-29T16:29:53.616,41.202,21.58,73,80,7
20260829_162912,front_50_head_lv1_high_new_001,front,head wind,Level1,50,high,85,2,drone_4,192.168.0.103,B14,4,front_4,5,2,front_continuous_pad_feedback_positive_y_250cm,2026-08-29T16:29:53.616,41.202,21.58,81,81,0
20260829_162912,front_50_head_lv1_high_new_001,front,head wind,Level1,50,high,85,2,drone_5,192.168.0.104,B12,5,front_5,6,3,front_continuous_pad_feedback_positive_y_250cm,2026-08-29T16:29:53.616,41.202,21.58,79,79,0
20260829_162912,front_50_head_lv1_high_new_001,front,head wind,Level1,50,high,85,2,drone_1,192.168.0.100,B11,1,front_1,2,7,front_continuous_pad_feedback_positive_y_250cm,2026-08-29T16:29:53.724,41.309,21.687,80,81,1
20260829_162912,front_50_head_lv1_high_new_001,front,head wind,Level1,50,high,85,2,drone_2,192.168.0.101,B10,2,front_2,3,8,front_continuous_pad_feedback_positive_y_250cm,2026-08-29T16:29:53.724,41.309,21.687,77,77,0
20260829_162912,front_50_head_lv1_high_new_001,front,head wind,Level1,50,high,85,2,drone_3,192.168.0.102,B13,3,front_3,4,1,front_continuous_pad_feedback_positive_y_250cm,2026-08-29T16:29:53.724,41.309,21.687,73,80,7
20260829_162912,front_50_head_lv1_high_new_001,front,head wind,Level1,50,high,85,2,drone_4,192.168.0.103,B14,4,front_4,5,2,front_continuous_pad_feedback_positive_y_250cm,2026-08-29T16:29:53.724,41.309,21.687,81,81,0
20260829_162912,front_50_head_lv1_high_new_001,front,head wind,Level1,50,high,85,2,drone_5,192.168.0.104,B12,5,front_5,6,3,front_continuous_pad_feedback_positive_y_250cm,2026-08-29T16:29:53.724,41.309,21.687,79,79,0
20260829_162912,front_50_head_lv1_high_new_001,front,head wind,Level1,50,high,85,2,drone_1,192.168.0.100,B11,1,front_1,2,7,front_continuous_pad_feedback_positive_y_250cm,2026-08-29T16:29:53.832,41.417,21.796,80,81,1
20260829_162912,front_50_head_lv1_high_new_001,front,head wind,Level1,50,high,85,2,drone_2,192.168.0.101,B10,2,front_2,3,8,front_continuous_pad_feedback_positive_y_250cm,2026-08-29T16:29:53.832,41.417,21.796,77,77,0
20260829_162912,front_50_head_lv1_high_new_001,front,head wind,Level1,50,high,85,2,drone_3,192.168.0.102,B13,3,front_3,4,1,front_continuous_pad_feedback_positive_y_250cm,2026-08-29T16:29:53.832,41.417,21.796,73,80,7
20260829_162912,front_50_head_lv1_high_new_001,front,head wind,Level1,50,high,85,2,drone_4,192.168.0.103,B14,4,front_4,5,2,front_continuous_pad_feedback_positive_y_250cm,2026-08-29T16:29:53.832,41.417,21.796,81,81,0
20260829_162912,front_50_head_lv1_high_new_001,front,head wind,Level1,50,high,85,2,drone_5,192.168.0.104,B12,5,front_5,6,3,front_continuous_pad_feedback_positive_y_250cm,2026-08-29T16:29:53.832,41.417,21.796,79,79,0
20260829_162912,front_50_head_lv1_high_new_001,front,head wind,Level1,50,high,85,2,drone_1,192.168.0.100,B11,1,front_1,2,7,front_continuous_pad_feedback_positive_y_250cm,2026-08-29T16:29:53.939,41.524,21.902,80,81,1
20260829_162912,front_50_head_lv1_high_new_001,front,head wind,Level1,50,high,85,2,drone_2,192.168.0.101,B10,2,front_2,3,8,front_continuous_pad_feedback_positive_y_250cm,2026-08-29T16:29:53.939,41.524,21.902,77,77,0
20260829_162912,front_50_head_lv1_high_new_001,front,head wind,Level1,50,high,85,2,drone_3,192.168.0.102,B13,3,front_3,4,1,front_continuous_pad_feedback_positive_y_250cm,2026-08-29T16:29:53.939,41.524,21.902,73,80,7
20260829_162912,front_50_head_lv1_high_new_001,front,head wind,Level1,50,high,85,2,drone_4,192.168.0.103,B14,4,front_4,5,2,front_continuous_pad_feedback_positive_y_250cm,2026-08-29T16:29:53.939,41.524,21.902,81,81,0
20260829_162912,front_50_head_lv1_high_new_001,front,head wind,Level1,50,high,85,2,drone_5,192.168.0.104,B12,5,front_5,6,3,front_continuous_pad_feedback_positive_y_250cm,2026-08-29T16:29:53.939,41.524,21.902,79,79,0
20260829_162912,front_50_head_lv1_high_new_001,front,head wind,Level1,50,high,85,2,drone_1,192.168.0.100,B11,1,front_1,2,7,front_continuous_pad_feedback_positive_y_250cm,2026-08-29T16:29:54.044,41.63,22.008,80,81,1
20260829_162912,front_50_head_lv1_high_new_001,front,head wind,Level1,50,high,85,2,drone_2,192.168.0.101,B10,2,front_2,3,8,front_continuous_pad_feedback_positive_y_250cm,2026-08-29T16:29:54.044,41.63,22.008,77,77,0
20260829_162912,front_50_head_lv1_high_new_001,front,head wind,Level1,50,high,85,2,drone_3,192.168.0.102,B13,3,front_3,4,1,front_continuous_pad_feedback_positive_y_250cm,2026-08-29T16:29:54.044,41.63,22.008,73,80,7
20260829_162912,front_50_head_lv1_high_new_001,front,head wind,Level1,50,high,85,2,drone_4,192.168.0.103,B14,4,front_4,5,2,front_continuous_pad_feedback_positive_y_250cm,2026-08-29T16:29:54.044,41.63,22.008,81,81,0
20260829_162912,front_50_head_lv1_high_new_001,front,head wind,Level1,50,high,85,2,drone_5,192.168.0.104,B12,5,front_5,6,3,front_continuous_pad_feedback_positive_y_250cm,2026-08-29T16:29:54.044,41.63,22.008,79,79,0
20260829_162912,front_50_head_lv1_high_new_001,front,head wind,Level1,50,high,85,2,drone_1,192.168.0.100,B11,1,front_1,2,7,front_continuous_pad_feedback_positive_y_250cm,2026-08-29T16:29:54.149,41.735,22.113,80,81,1
20260829_162912,front_50_head_lv1_high_new_001,front,head wind,Level1,50,high,85,2,drone_2,192.168.0.101,B10,2,front_2,3,8,front_continuous_pad_feedback_positive_y_250cm,2026-08-29T16:29:54.149,41.735,22.113,77,77,0
20260829_162912,front_50_head_lv1_high_new_001,front,head wind,Level1,50,high,85,2,drone_3,192.168.0.102,B13,3,front_3,4,1,front_continuous_pad_feedback_positive_y_250cm,2026-08-29T16:29:54.149,41.735,22.113,73,80,7
20260829_162912,front_50_head_lv1_high_new_001,front,head wind,Level1,50,high,85,2,drone_4,192.168.0.103,B14,4,front_4,5,2,front_continuous_pad_feedback_positive_y_250cm,2026-08-29T16:29:54.149,41.735,22.113,81,81,0
20260829_162912,front_50_head_lv1_high_new_001,front,head wind,Level1,50,high,85,2,drone_5,192.168.0.104,B12,5,front_5,6,3,front_continuous_pad_feedback_positive_y_250cm,2026-08-29T16:29:54.149,41.735,22.113,79,79,0
20260829_162912,front_50_head_lv1_high_new_001,front,head wind,Level1,50,high,85,2,drone_1,192.168.0.100,B11,1,front_1,2,7,front_continuous_pad_feedback_positive_y_250cm,2026-08-29T16:29:54.257,41.843,22.221,80,81,1
20260829_162912,front_50_head_lv1_high_new_001,front,head wind,Level1,50,high,85,2,drone_2,192.168.0.101,B10,2,front_2,3,8,front_continuous_pad_feedback_positive_y_250cm,2026-08-29T16:29:54.257,41.843,22.221,77,77,0
20260829_162912,front_50_head_lv1_high_new_001,front,head wind,Level1,50,high,85,2,drone_3,192.168.0.102,B13,3,front_3,4,1,front_continuous_pad_feedback_positive_y_250cm,2026-08-29T16:29:54.257,41.843,22.221,73,80,7
20260829_162912,front_50_head_lv1_high_new_001,front,head wind,Level1,50,high,85,2,drone_4,192.168.0.103,B14,4,front_4,5,2,front_continuous_pad_feedback_positive_y_250cm,2026-08-29T16:29:54.257,41.843,22.221,81,81,0
20260829_162912,front_50_head_lv1_high_new_001,front,head wind,Level1,50,high,85,2,drone_5,192.168.0.104,B12,5,front_5,6,3,front_continuous_pad_feedback_positive_y_250cm,2026-08-29T16:29:54.257,41.843,22.221,79,79,0
20260829_162912,front_50_head_lv1_high_new_001,front,head wind,Level1,50,high,85,2,drone_1,192.168.0.100,B11,1,front_1,2,7,front_continuous_pad_feedback_positive_y_250cm,2026-08-29T16:29:54.364,41.949,22.327,80,81,1
20260829_162912,front_50_head_lv1_high_new_001,front,head wind,Level1,50,high,85,2,drone_2,192.168.0.101,B10,2,front_2,3,8,front_continuous_pad_feedback_positive_y_250cm,2026-08-29T16:29:54.364,41.949,22.327,77,77,0
20260829_162912,front_50_head_lv1_high_new_001,front,head wind,Level1,50,high,85,2,drone_3,192.168.0.102,B13,3,front_3,4,1,front_continuous_pad_feedback_positive_y_250cm,2026-08-29T16:29:54.364,41.949,22.327,73,80,7
20260829_162912,front_50_head_lv1_high_new_001,front,head wind,Level1,50,high,85,2,drone_4,192.168.0.103,B14,4,front_4,5,2,front_continuous_pad_feedback_positive_y_250cm,2026-08-29T16:29:54.364,41.949,22.327,81,81,0
20260829_162912,front_50_head_lv1_high_new_001,front,head wind,Level1,50,high,85,2,drone_5,192.168.0.104,B12,5,front_5,6,3,front_continuous_pad_feedback_positive_y_250cm,2026-08-29T16:29:54.364,41.949,22.327,79,79,0
20260829_162912,front_50_head_lv1_high_new_001,front,head wind,Level1,50,high,85,2,drone_1,192.168.0.100,B11,1,front_1,2,7,front_continuous_pad_feedback_positive_y_250cm,2026-08-29T16:29:54.470,42.055,22.433,80,81,1
20260829_162912,front_50_head_lv1_high_new_001,front,head wind,Level1,50,high,85,2,drone_2,192.168.0.101,B10,2,front_2,3,8,front_continuous_pad_feedback_positive_y_250cm,2026-08-29T16:29:54.470,42.055,22.433,77,77,0
20260829_162912,front_50_head_lv1_high_new_001,front,head wind,Level1,50,high,85,2,drone_3,192.168.0.102,B13,3,front_3,4,1,front_continuous_pad_feedback_positive_y_250cm,2026-08-29T16:29:54.470,42.055,22.433,73,80,7
20260829_162912,front_50_head_lv1_high_new_001,front,head wind,Level1,50,high,85,2,drone_4,192.168.0.103,B14,4,front_4,5,2,front_continuous_pad_feedback_positive_y_250cm,2026-08-29T16:29:54.470,42.055,22.433,81,81,0
20260829_162912,front_50_head_lv1_high_new_001,front,head wind,Level1,50,high,85,2,drone_5,192.168.0.104,B12,5,front_5,6,3,front_continuous_pad_feedback_positive_y_250cm,2026-08-29T16:29:54.470,42.055,22.433,79,79,0
20260829_162912,front_50_head_lv1_high_new_001,front,head wind,Level1,50,high,85,2,drone_1,192.168.0.100,B11,1,front_1,2,7,front_continuous_pad_feedback_positive_y_250cm,2026-08-29T16:29:54.575,42.16,22.539,80,81,1
20260829_162912,front_50_head_lv1_high_new_001,front,head wind,Level1,50,high,85,2,drone_2,192.168.0.101,B10,2,front_2,3,8,front_continuous_pad_feedback_positive_y_250cm,2026-08-29T16:29:54.575,42.16,22.539,77,77,0
20260829_162912,front_50_head_lv1_high_new_001,front,head wind,Level1,50,high,85,2,drone_3,192.168.0.102,B13,3,front_3,4,1,front_continuous_pad_feedback_positive_y_250cm,2026-08-29T16:29:54.575,42.16,22.539,73,80,7
20260829_162912,front_50_head_lv1_high_new_001,front,head wind,Level1,50,high,85,2,drone_4,192.168.0.103,B14,4,front_4,5,2,front_continuous_pad_feedback_positive_y_250cm,2026-08-29T16:29:54.575,42.16,22.539,81,81,0
20260829_162912,front_50_head_lv1_high_new_001,front,head wind,Level1,50,high,85,2,drone_5,192.168.0.104,B12,5,front_5,6,3,front_continuous_pad_feedback_positive_y_250cm,2026-08-29T16:29:54.575,42.16,22.539,79,79,0
20260829_162912,front_50_head_lv1_high_new_001,front,head wind,Level1,50,high,85,2,drone_1,192.168.0.100,B11,1,front_1,2,7,front_continuous_pad_feedback_positive_y_250cm,2026-08-29T16:29:54.679,42.265,22.643,80,81,1
20260829_162912,front_50_head_lv1_high_new_001,front,head wind,Level1,50,high,85,2,drone_2,192.168.0.101,B10,2,front_2,3,8,front_continuous_pad_feedback_positive_y_250cm,2026-08-29T16:29:54.679,42.265,22.643,77,77,0
20260829_162912,front_50_head_lv1_high_new_001,front,head wind,Level1,50,high,85,2,drone_3,192.168.0.102,B13,3,front_3,4,1,front_continuous_pad_feedback_positive_y_250cm,2026-08-29T16:29:54.679,42.265,22.643,73,80,7
20260829_162912,front_50_head_lv1_high_new_001,front,head wind,Level1,50,high,85,2,drone_4,192.168.0.103,B14,4,front_4,5,2,front_continuous_pad_feedback_positive_y_250cm,2026-08-29T16:29:54.679,42.265,22.643,81,81,0
20260829_162912,front_50_head_lv1_high_new_001,front,head wind,Level1,50,high,85,2,drone_5,192.168.0.104,B12,5,front_5,6,3,front_continuous_pad_feedback_positive_y_250cm,2026-08-29T16:29:54.679,42.265,22.643,79,79,0
20260829_162912,front_50_head_lv1_high_new_001,front,head wind,Level1,50,high,85,2,drone_1,192.168.0.100,B11,1,front_1,2,7,front_continuous_pad_feedback_positive_y_250cm,2026-08-29T16:29:54.787,42.373,22.751,80,81,1
20260829_162912,front_50_head_lv1_high_new_001,front,head wind,Level1,50,high,85,2,drone_2,192.168.0.101,B10,2,front_2,3,8,front_continuous_pad_feedback_positive_y_250cm,2026-08-29T16:29:54.787,42.373,22.751,77,77,0
20260829_162912,front_50_head_lv1_high_new_001,front,head wind,Level1,50,high,85,2,drone_3,192.168.0.102,B13,3,front_3,4,1,front_continuous_pad_feedback_positive_y_250cm,2026-08-29T16:29:54.787,42.373,22.751,73,80,7
20260829_162912,front_50_head_lv1_high_new_001,front,head wind,Level1,50,high,85,2,drone_4,192.168.0.103,B14,4,front_4,5,2,front_continuous_pad_feedback_positive_y_250cm,2026-08-29T16:29:54.787,42.373,22.751,81,81,0
20260829_162912,front_50_head_lv1_high_new_001,front,head wind,Level1,50,high,85,2,drone_5,192.168.0.104,B12,5,front_5,6,3,front_continuous_pad_feedback_positive_y_250cm,2026-08-29T16:29:54.787,42.373,22.751,79,79,0
20260829_162912,front_50_head_lv1_high_new_001,front,head wind,Level1,50,high,85,2,drone_1,192.168.0.100,B11,1,front_1,2,7,front_continuous_pad_feedback_positive_y_250cm,2026-08-29T16:29:54.896,42.481,22.859,80,81,1
20260829_162912,front_50_head_lv1_high_new_001,front,head wind,Level1,50,high,85,2,drone_2,192.168.0.101,B10,2,front_2,3,8,front_continuous_pad_feedback_positive_y_250cm,2026-08-29T16:29:54.896,42.481,22.859,77,77,0
20260829_162912,front_50_head_lv1_high_new_001,front,head wind,Level1,50,high,85,2,drone_3,192.168.0.102,B13,3,front_3,4,1,front_continuous_pad_feedback_positive_y_250cm,2026-08-29T16:29:54.896,42.481,22.859,73,80,7
20260829_162912,front_50_head_lv1_high_new_001,front,head wind,Level1,50,high,85,2,drone_4,192.168.0.103,B14,4,front_4,5,2,front_continuous_pad_feedback_positive_y_250cm,2026-08-29T16:29:54.896,42.481,22.859,81,81,0
20260829_162912,front_50_head_lv1_high_new_001,front,head wind,Level1,50,high,85,2,drone_5,192.168.0.104,B12,5,front_5,6,3,front_continuous_pad_feedback_positive_y_250cm,2026-08-29T16:29:54.896,42.481,22.859,79,79,0
20260829_162912,front_50_head_lv1_high_new_001,front,head wind,Level1,50,high,85,2,drone_1,192.168.0.100,B11,1,front_1,2,7,front_continuous_pad_feedback_positive_y_250cm,2026-08-29T16:29:55.003,42.588,22.966,80,81,1
20260829_162912,front_50_head_lv1_high_new_001,front,head wind,Level1,50,high,85,2,drone_2,192.168.0.101,B10,2,front_2,3,8,front_continuous_pad_feedback_positive_y_250cm,2026-08-29T16:29:55.003,42.588,22.966,77,77,0
20260829_162912,front_50_head_lv1_high_new_001,front,head wind,Level1,50,high,85,2,drone_3,192.168.0.102,B13,3,front_3,4,1,front_continuous_pad_feedback_positive_y_250cm,2026-08-29T16:29:55.003,42.588,22.966,73,80,7
20260829_162912,front_50_head_lv1_high_new_001,front,head wind,Level1,50,high,85,2,drone_4,192.168.0.103,B14,4,front_4,5,2,front_continuous_pad_feedback_positive_y_250cm,2026-08-29T16:29:55.003,42.588,22.966,81,81,0
20260829_162912,front_50_head_lv1_high_new_001,front,head wind,Level1,50,high,85,2,drone_5,192.168.0.104,B12,5,front_5,6,3,front_continuous_pad_feedback_positive_y_250cm,2026-08-29T16:29:55.003,42.588,22.966,79,79,0
20260829_162912,front_50_head_lv1_high_new_001,front,head wind,Level1,50,high,85,2,drone_1,192.168.0.100,B11,1,front_1,2,7,front_continuous_pad_feedback_positive_y_250cm,2026-08-29T16:29:55.110,42.695,23.073,80,81,1
20260829_162912,front_50_head_lv1_high_new_001,front,head wind,Level1,50,high,85,2,drone_2,192.168.0.101,B10,2,front_2,3,8,front_continuous_pad_feedback_positive_y_250cm,2026-08-29T16:29:55.110,42.695,23.073,77,77,0
20260829_162912,front_50_head_lv1_high_new_001,front,head wind,Level1,50,high,85,2,drone_3,192.168.0.102,B13,3,front_3,4,1,front_continuous_pad_feedback_positive_y_250cm,2026-08-29T16:29:55.110,42.695,23.073,73,80,7
20260829_162912,front_50_head_lv1_high_new_001,front,head wind,Level1,50,high,85,2,drone_4,192.168.0.103,B14,4,front_4,5,2,front_continuous_pad_feedback_positive_y_250cm,2026-08-29T16:29:55.110,42.695,23.073,81,81,0
20260829_162912,front_50_head_lv1_high_new_001,front,head wind,Level1,50,high,85,2,drone_5,192.168.0.104,B12,5,front_5,6,3,front_continuous_pad_feedback_positive_y_250cm,2026-08-29T16:29:55.110,42.695,23.073,79,79,0
20260829_162912,front_50_head_lv1_high_new_001,front,head wind,Level1,50,high,85,2,drone_1,192.168.0.100,B11,1,front_1,2,7,front_continuous_pad_feedback_positive_y_250cm,2026-08-29T16:29:55.215,42.8,23.178,80,81,1
20260829_162912,front_50_head_lv1_high_new_001,front,head wind,Level1,50,high,85,2,drone_2,192.168.0.101,B10,2,front_2,3,8,front_continuous_pad_feedback_positive_y_250cm,2026-08-29T16:29:55.215,42.8,23.178,77,77,0
20260829_162912,front_50_head_lv1_high_new_001,front,head wind,Level1,50,high,85,2,drone_3,192.168.0.102,B13,3,front_3,4,1,front_continuous_pad_feedback_positive_y_250cm,2026-08-29T16:29:55.215,42.8,23.178,73,80,7
20260829_162912,front_50_head_lv1_high_new_001,front,head wind,Level1,50,high,85,2,drone_4,192.168.0.103,B14,4,front_4,5,2,front_continuous_pad_feedback_positive_y_250cm,2026-08-29T16:29:55.215,42.8,23.178,81,81,0
20260829_162912,front_50_head_lv1_high_new_001,front,head wind,Level1,50,high,85,2,drone_5,192.168.0.104,B12,5,front_5,6,3,front_continuous_pad_feedback_positive_y_250cm,2026-08-29T16:29:55.215,42.8,23.178,79,79,0
20260829_162912,front_50_head_lv1_high_new_001,front,head wind,Level1,50,high,85,2,drone_1,192.168.0.100,B11,1,front_1,2,7,front_continuous_pad_feedback_positive_y_250cm,2026-08-29T16:29:55.321,42.907,23.285,80,81,1
20260829_162912,front_50_head_lv1_high_new_001,front,head wind,Level1,50,high,85,2,drone_2,192.168.0.101,B10,2,front_2,3,8,front_continuous_pad_feedback_positive_y_250cm,2026-08-29T16:29:55.321,42.907,23.285,77,77,0
20260829_162912,front_50_head_lv1_high_new_001,front,head wind,Level1,50,high,85,2,drone_3,192.168.0.102,B13,3,front_3,4,1,front_continuous_pad_feedback_positive_y_250cm,2026-08-29T16:29:55.321,42.907,23.285,73,80,7
20260829_162912,front_50_head_lv1_high_new_001,front,head wind,Level1,50,high,85,2,drone_4,192.168.0.103,B14,4,front_4,5,2,front_continuous_pad_feedback_positive_y_250cm,2026-08-29T16:29:55.321,42.907,23.285,81,81,0
20260829_162912,front_50_head_lv1_high_new_001,front,head wind,Level1,50,high,85,2,drone_5,192.168.0.104,B12,5,front_5,6,3,front_continuous_pad_feedback_positive_y_250cm,2026-08-29T16:29:55.321,42.907,23.285,79,79,0
20260829_162912,front_50_head_lv1_high_new_001,front,head wind,Level1,50,high,85,2,drone_1,192.168.0.100,B11,1,front_1,2,7,front_continuous_pad_feedback_positive_y_250cm,2026-08-29T16:29:55.428,43.013,23.391,80,81,1
20260829_162912,front_50_head_lv1_high_new_001,front,head wind,Level1,50,high,85,2,drone_2,192.168.0.101,B10,2,front_2,3,8,front_continuous_pad_feedback_positive_y_250cm,2026-08-29T16:29:55.428,43.013,23.391,77,77,0
20260829_162912,front_50_head_lv1_high_new_001,front,head wind,Level1,50,high,85,2,drone_3,192.168.0.102,B13,3,front_3,4,1,front_continuous_pad_feedback_positive_y_250cm,2026-08-29T16:29:55.428,43.013,23.391,73,80,7
20260829_162912,front_50_head_lv1_high_new_001,front,head wind,Level1,50,high,85,2,drone_4,192.168.0.103,B14,4,front_4,5,2,front_continuous_pad_feedback_positive_y_250cm,2026-08-29T16:29:55.428,43.013,23.391,81,81,0
20260829_162912,front_50_head_lv1_high_new_001,front,head wind,Level1,50,high,85,2,drone_5,192.168.0.104,B12,5,front_5,6,3,front_continuous_pad_feedback_positive_y_250cm,2026-08-29T16:29:55.428,43.013,23.391,79,79,0
20260829_162912,front_50_head_lv1_high_new_001,front,head wind,Level1,50,high,85,2,drone_1,192.168.0.100,B11,1,front_1,2,7,front_continuous_pad_feedback_positive_y_250cm,2026-08-29T16:29:55.535,43.12,23.498,80,81,1
20260829_162912,front_50_head_lv1_high_new_001,front,head wind,Level1,50,high,85,2,drone_2,192.168.0.101,B10,2,front_2,3,8,front_continuous_pad_feedback_positive_y_250cm,2026-08-29T16:29:55.535,43.12,23.498,77,77,0
20260829_162912,front_50_head_lv1_high_new_001,front,head wind,Level1,50,high,85,2,drone_3,192.168.0.102,B13,3,front_3,4,1,front_continuous_pad_feedback_positive_y_250cm,2026-08-29T16:29:55.535,43.12,23.498,73,80,7
20260829_162912,front_50_head_lv1_high_new_001,front,head wind,Level1,50,high,85,2,drone_4,192.168.0.103,B14,4,front_4,5,2,front_continuous_pad_feedback_positive_y_250cm,2026-08-29T16:29:55.535,43.12,23.498,81,81,0
20260829_162912,front_50_head_lv1_high_new_001,front,head wind,Level1,50,high,85,2,drone_5,192.168.0.104,B12,5,front_5,6,3,front_continuous_pad_feedback_positive_y_250cm,2026-08-29T16:29:55.535,43.12,23.498,79,79,0
20260829_162912,front_50_head_lv1_high_new_001,front,head wind,Level1,50,high,85,2,drone_1,192.168.0.100,B11,1,front_1,2,7,front_continuous_pad_feedback_positive_y_250cm,2026-08-29T16:29:55.644,43.229,23.607,80,81,1
20260829_162912,front_50_head_lv1_high_new_001,front,head wind,Level1,50,high,85,2,drone_2,192.168.0.101,B10,2,front_2,3,8,front_continuous_pad_feedback_positive_y_250cm,2026-08-29T16:29:55.644,43.229,23.607,77,77,0
20260829_162912,front_50_head_lv1_high_new_001,front,head wind,Level1,50,high,85,2,drone_3,192.168.0.102,B13,3,front_3,4,1,front_continuous_pad_feedback_positive_y_250cm,2026-08-29T16:29:55.644,43.229,23.607,73,80,7
20260829_162912,front_50_head_lv1_high_new_001,front,head wind,Level1,50,high,85,2,drone_4,192.168.0.103,B14,4,front_4,5,2,front_continuous_pad_feedback_positive_y_250cm,2026-08-29T16:29:55.644,43.229,23.607,81,81,0
20260829_162912,front_50_head_lv1_high_new_001,front,head wind,Level1,50,high,85,2,drone_5,192.168.0.104,B12,5,front_5,6,3,front_continuous_pad_feedback_positive_y_250cm,2026-08-29T16:29:55.644,43.229,23.607,79,79,0
20260829_162912,front_50_head_lv1_high_new_001,front,head wind,Level1,50,high,85,2,drone_1,192.168.0.100,B11,1,front_1,2,7,front_continuous_pad_feedback_positive_y_250cm,2026-08-29T16:29:55.750,43.335,23.713,80,81,1
20260829_162912,front_50_head_lv1_high_new_001,front,head wind,Level1,50,high,85,2,drone_2,192.168.0.101,B10,2,front_2,3,8,front_continuous_pad_feedback_positive_y_250cm,2026-08-29T16:29:55.750,43.335,23.713,77,77,0
20260829_162912,front_50_head_lv1_high_new_001,front,head wind,Level1,50,high,85,2,drone_3,192.168.0.102,B13,3,front_3,4,1,front_continuous_pad_feedback_positive_y_250cm,2026-08-29T16:29:55.750,43.335,23.713,73,80,7
20260829_162912,front_50_head_lv1_high_new_001,front,head wind,Level1,50,high,85,2,drone_4,192.168.0.103,B14,4,front_4,5,2,front_continuous_pad_feedback_positive_y_250cm,2026-08-29T16:29:55.750,43.335,23.713,81,81,0
20260829_162912,front_50_head_lv1_high_new_001,front,head wind,Level1,50,high,85,2,drone_5,192.168.0.104,B12,5,front_5,6,3,front_continuous_pad_feedback_positive_y_250cm,2026-08-29T16:29:55.750,43.335,23.713,79,79,0
20260829_162912,front_50_head_lv1_high_new_001,front,head wind,Level1,50,high,85,2,drone_1,192.168.0.100,B11,1,front_1,2,7,front_continuous_pad_feedback_positive_y_250cm,2026-08-29T16:29:55.858,43.443,23.821,80,81,1
20260829_162912,front_50_head_lv1_high_new_001,front,head wind,Level1,50,high,85,2,drone_2,192.168.0.101,B10,2,front_2,3,8,front_continuous_pad_feedback_positive_y_250cm,2026-08-29T16:29:55.858,43.443,23.821,77,77,0
20260829_162912,front_50_head_lv1_high_new_001,front,head wind,Level1,50,high,85,2,drone_3,192.168.0.102,B13,3,front_3,4,1,front_continuous_pad_feedback_positive_y_250cm,2026-08-29T16:29:55.858,43.443,23.821,72,80,8
20260829_162912,front_50_head_lv1_high_new_001,front,head wind,Level1,50,high,85,2,drone_4,192.168.0.103,B14,4,front_4,5,2,front_continuous_pad_feedback_positive_y_250cm,2026-08-29T16:29:55.858,43.443,23.821,81,81,0
20260829_162912,front_50_head_lv1_high_new_001,front,head wind,Level1,50,high,85,2,drone_5,192.168.0.104,B12,5,front_5,6,3,front_continuous_pad_feedback_positive_y_250cm,2026-08-29T16:29:55.858,43.443,23.821,79,79,0
20260829_162912,front_50_head_lv1_high_new_001,front,head wind,Level1,50,high,85,2,drone_1,192.168.0.100,B11,1,front_1,2,7,front_continuous_pad_feedback_positive_y_250cm,2026-08-29T16:29:55.964,43.55,23.928,80,81,1
20260829_162912,front_50_head_lv1_high_new_001,front,head wind,Level1,50,high,85,2,drone_2,192.168.0.101,B10,2,front_2,3,8,front_continuous_pad_feedback_positive_y_250cm,2026-08-29T16:29:55.964,43.55,23.928,77,77,0
20260829_162912,front_50_head_lv1_high_new_001,front,head wind,Level1,50,high,85,2,drone_3,192.168.0.102,B13,3,front_3,4,1,front_continuous_pad_feedback_positive_y_250cm,2026-08-29T16:29:55.964,43.55,23.928,72,80,8
20260829_162912,front_50_head_lv1_high_new_001,front,head wind,Level1,50,high,85,2,drone_4,192.168.0.103,B14,4,front_4,5,2,front_continuous_pad_feedback_positive_y_250cm,2026-08-29T16:29:55.964,43.55,23.928,81,81,0
20260829_162912,front_50_head_lv1_high_new_001,front,head wind,Level1,50,high,85,2,drone_5,192.168.0.104,B12,5,front_5,6,3,front_continuous_pad_feedback_positive_y_250cm,2026-08-29T16:29:55.964,43.55,23.928,79,79,0
20260829_162912,front_50_head_lv1_high_new_001,front,head wind,Level1,50,high,85,2,drone_1,192.168.0.100,B11,1,front_1,2,7,front_continuous_pad_feedback_positive_y_250cm,2026-08-29T16:29:56.071,43.656,24.034,80,81,1
20260829_162912,front_50_head_lv1_high_new_001,front,head wind,Level1,50,high,85,2,drone_2,192.168.0.101,B10,2,front_2,3,8,front_continuous_pad_feedback_positive_y_250cm,2026-08-29T16:29:56.071,43.656,24.034,77,77,0
20260829_162912,front_50_head_lv1_high_new_001,front,head wind,Level1,50,high,85,2,drone_3,192.168.0.102,B13,3,front_3,4,1,front_continuous_pad_feedback_positive_y_250cm,2026-08-29T16:29:56.071,43.656,24.034,72,80,8
20260829_162912,front_50_head_lv1_high_new_001,front,head wind,Level1,50,high,85,2,drone_4,192.168.0.103,B14,4,front_4,5,2,front_continuous_pad_feedback_positive_y_250cm,2026-08-29T16:29:56.071,43.656,24.034,81,81,0
20260829_162912,front_50_head_lv1_high_new_001,front,head wind,Level1,50,high,85,2,drone_5,192.168.0.104,B12,5,front_5,6,3,front_continuous_pad_feedback_positive_y_250cm,2026-08-29T16:29:56.071,43.656,24.034,79,79,0
20260829_162912,front_50_head_lv1_high_new_001,front,head wind,Level1,50,high,85,2,drone_1,192.168.0.100,B11,1,front_1,2,7,front_continuous_pad_feedback_positive_y_250cm,2026-08-29T16:29:56.177,43.763,24.141,80,81,1
20260829_162912,front_50_head_lv1_high_new_001,front,head wind,Level1,50,high,85,2,drone_2,192.168.0.101,B10,2,front_2,3,8,front_continuous_pad_feedback_positive_y_250cm,2026-08-29T16:29:56.177,43.763,24.141,77,77,0
20260829_162912,front_50_head_lv1_high_new_001,front,head wind,Level1,50,high,85,2,drone_3,192.168.0.102,B13,3,front_3,4,1,front_continuous_pad_feedback_positive_y_250cm,2026-08-29T16:29:56.177,43.763,24.141,72,80,8
20260829_162912,front_50_head_lv1_high_new_001,front,head wind,Level1,50,high,85,2,drone_4,192.168.0.103,B14,4,front_4,5,2,front_continuous_pad_feedback_positive_y_250cm,2026-08-29T16:29:56.177,43.763,24.141,81,81,0
20260829_162912,front_50_head_lv1_high_new_001,front,head wind,Level1,50,high,85,2,drone_5,192.168.0.104,B12,5,front_5,6,3,front_continuous_pad_feedback_positive_y_250cm,2026-08-29T16:29:56.177,43.763,24.141,78,79,1
20260829_162912,front_50_head_lv1_high_new_001,front,head wind,Level1,50,high,85,2,drone_1,192.168.0.100,B11,1,front_1,2,7,front_continuous_pad_feedback_positive_y_250cm,2026-08-29T16:29:56.281,43.866,24.244,80,81,1
20260829_162912,front_50_head_lv1_high_new_001,front,head wind,Level1,50,high,85,2,drone_2,192.168.0.101,B10,2,front_2,3,8,front_continuous_pad_feedback_positive_y_250cm,2026-08-29T16:29:56.281,43.866,24.244,77,77,0
20260829_162912,front_50_head_lv1_high_new_001,front,head wind,Level1,50,high,85,2,drone_3,192.168.0.102,B13,3,front_3,4,1,front_continuous_pad_feedback_positive_y_250cm,2026-08-29T16:29:56.281,43.866,24.244,72,80,8
20260829_162912,front_50_head_lv1_high_new_001,front,head wind,Level1,50,high,85,2,drone_4,192.168.0.103,B14,4,front_4,5,2,front_continuous_pad_feedback_positive_y_250cm,2026-08-29T16:29:56.281,43.866,24.244,81,81,0
20260829_162912,front_50_head_lv1_high_new_001,front,head wind,Level1,50,high,85,2,drone_5,192.168.0.104,B12,5,front_5,6,3,front_continuous_pad_feedback_positive_y_250cm,2026-08-29T16:29:56.281,43.866,24.244,78,79,1
20260829_162912,front_50_head_lv1_high_new_001,front,head wind,Level1,50,high,85,2,drone_1,192.168.0.100,B11,1,front_1,2,7,front_continuous_pad_feedback_positive_y_250cm,2026-08-29T16:29:56.387,43.972,24.35,80,81,1
20260829_162912,front_50_head_lv1_high_new_001,front,head wind,Level1,50,high,85,2,drone_2,192.168.0.101,B10,2,front_2,3,8,front_continuous_pad_feedback_positive_y_250cm,2026-08-29T16:29:56.387,43.972,24.35,77,77,0
20260829_162912,front_50_head_lv1_high_new_001,front,head wind,Level1,50,high,85,2,drone_3,192.168.0.102,B13,3,front_3,4,1,front_continuous_pad_feedback_positive_y_250cm,2026-08-29T16:29:56.387,43.972,24.35,72,80,8
20260829_162912,front_50_head_lv1_high_new_001,front,head wind,Level1,50,high,85,2,drone_4,192.168.0.103,B14,4,front_4,5,2,front_continuous_pad_feedback_positive_y_250cm,2026-08-29T16:29:56.387,43.972,24.35,81,81,0
20260829_162912,front_50_head_lv1_high_new_001,front,head wind,Level1,50,high,85,2,drone_5,192.168.0.104,B12,5,front_5,6,3,front_continuous_pad_feedback_positive_y_250cm,2026-08-29T16:29:56.387,43.972,24.35,78,79,1
20260829_162912,front_50_head_lv1_high_new_001,front,head wind,Level1,50,high,85,2,drone_1,192.168.0.100,B11,1,front_1,2,7,front_continuous_pad_feedback_positive_y_250cm,2026-08-29T16:29:56.495,44.081,24.459,80,81,1
20260829_162912,front_50_head_lv1_high_new_001,front,head wind,Level1,50,high,85,2,drone_2,192.168.0.101,B10,2,front_2,3,8,front_continuous_pad_feedback_positive_y_250cm,2026-08-29T16:29:56.495,44.081,24.459,77,77,0
20260829_162912,front_50_head_lv1_high_new_001,front,head wind,Level1,50,high,85,2,drone_3,192.168.0.102,B13,3,front_3,4,1,front_continuous_pad_feedback_positive_y_250cm,2026-08-29T16:29:56.495,44.081,24.459,72,80,8
20260829_162912,front_50_head_lv1_high_new_001,front,head wind,Level1,50,high,85,2,drone_4,192.168.0.103,B14,4,front_4,5,2,front_continuous_pad_feedback_positive_y_250cm,2026-08-29T16:29:56.495,44.081,24.459,81,81,0
20260829_162912,front_50_head_lv1_high_new_001,front,head wind,Level1,50,high,85,2,drone_5,192.168.0.104,B12,5,front_5,6,3,front_continuous_pad_feedback_positive_y_250cm,2026-08-29T16:29:56.495,44.081,24.459,78,79,1
20260829_162912,front_50_head_lv1_high_new_001,front,head wind,Level1,50,high,85,2,drone_1,192.168.0.100,B11,1,front_1,2,7,front_continuous_pad_feedback_positive_y_250cm,2026-08-29T16:29:56.604,44.189,24.567,80,81,1
20260829_162912,front_50_head_lv1_high_new_001,front,head wind,Level1,50,high,85,2,drone_2,192.168.0.101,B10,2,front_2,3,8,front_continuous_pad_feedback_positive_y_250cm,2026-08-29T16:29:56.604,44.189,24.567,77,77,0
20260829_162912,front_50_head_lv1_high_new_001,front,head wind,Level1,50,high,85,2,drone_3,192.168.0.102,B13,3,front_3,4,1,front_continuous_pad_feedback_positive_y_250cm,2026-08-29T16:29:56.604,44.189,24.567,72,80,8
20260829_162912,front_50_head_lv1_high_new_001,front,head wind,Level1,50,high,85,2,drone_4,192.168.0.103,B14,4,front_4,5,2,front_continuous_pad_feedback_positive_y_250cm,2026-08-29T16:29:56.604,44.189,24.567,81,81,0
20260829_162912,front_50_head_lv1_high_new_001,front,head wind,Level1,50,high,85,2,drone_5,192.168.0.104,B12,5,front_5,6,3,front_continuous_pad_feedback_positive_y_250cm,2026-08-29T16:29:56.604,44.189,24.567,78,79,1
20260829_162912,front_50_head_lv1_high_new_001,front,head wind,Level1,50,high,85,2,drone_1,192.168.0.100,B11,1,front_1,2,7,front_continuous_pad_feedback_positive_y_250cm,2026-08-29T16:29:56.711,44.297,24.675,80,81,1
20260829_162912,front_50_head_lv1_high_new_001,front,head wind,Level1,50,high,85,2,drone_2,192.168.0.101,B10,2,front_2,3,8,front_continuous_pad_feedback_positive_y_250cm,2026-08-29T16:29:56.711,44.297,24.675,77,77,0
20260829_162912,front_50_head_lv1_high_new_001,front,head wind,Level1,50,high,85,2,drone_3,192.168.0.102,B13,3,front_3,4,1,front_continuous_pad_feedback_positive_y_250cm,2026-08-29T16:29:56.711,44.297,24.675,72,80,8
20260829_162912,front_50_head_lv1_high_new_001,front,head wind,Level1,50,high,85,2,drone_4,192.168.0.103,B14,4,front_4,5,2,front_continuous_pad_feedback_positive_y_250cm,2026-08-29T16:29:56.711,44.297,24.675,81,81,0
20260829_162912,front_50_head_lv1_high_new_001,front,head wind,Level1,50,high,85,2,drone_5,192.168.0.104,B12,5,front_5,6,3,front_continuous_pad_feedback_positive_y_250cm,2026-08-29T16:29:56.711,44.297,24.675,78,79,1
20260829_162912,front_50_head_lv1_high_new_001,front,head wind,Level1,50,high,85,2,drone_1,192.168.0.100,B11,1,front_1,2,7,front_continuous_pad_feedback_positive_y_250cm,2026-08-29T16:29:56.814,44.4,24.778,80,81,1
20260829_162912,front_50_head_lv1_high_new_001,front,head wind,Level1,50,high,85,2,drone_2,192.168.0.101,B10,2,front_2,3,8,front_continuous_pad_feedback_positive_y_250cm,2026-08-29T16:29:56.814,44.4,24.778,77,77,0
20260829_162912,front_50_head_lv1_high_new_001,front,head wind,Level1,50,high,85,2,drone_3,192.168.0.102,B13,3,front_3,4,1,front_continuous_pad_feedback_positive_y_250cm,2026-08-29T16:29:56.814,44.4,24.778,72,80,8
20260829_162912,front_50_head_lv1_high_new_001,front,head wind,Level1,50,high,85,2,drone_4,192.168.0.103,B14,4,front_4,5,2,front_continuous_pad_feedback_positive_y_250cm,2026-08-29T16:29:56.814,44.4,24.778,80,81,1
20260829_162912,front_50_head_lv1_high_new_001,front,head wind,Level1,50,high,85,2,drone_5,192.168.0.104,B12,5,front_5,6,3,front_continuous_pad_feedback_positive_y_250cm,2026-08-29T16:29:56.814,44.4,24.778,78,79,1
20260829_162912,front_50_head_lv1_high_new_001,front,head wind,Level1,50,high,85,2,drone_1,192.168.0.100,B11,1,front_1,2,7,front_continuous_pad_feedback_positive_y_250cm,2026-08-29T16:29:56.920,44.505,24.883,80,81,1
20260829_162912,front_50_head_lv1_high_new_001,front,head wind,Level1,50,high,85,2,drone_2,192.168.0.101,B10,2,front_2,3,8,front_continuous_pad_feedback_positive_y_250cm,2026-08-29T16:29:56.920,44.505,24.883,77,77,0
20260829_162912,front_50_head_lv1_high_new_001,front,head wind,Level1,50,high,85,2,drone_3,192.168.0.102,B13,3,front_3,4,1,front_continuous_pad_feedback_positive_y_250cm,2026-08-29T16:29:56.920,44.505,24.883,72,80,8
20260829_162912,front_50_head_lv1_high_new_001,front,head wind,Level1,50,high,85,2,drone_4,192.168.0.103,B14,4,front_4,5,2,front_continuous_pad_feedback_positive_y_250cm,2026-08-29T16:29:56.920,44.505,24.883,80,81,1
20260829_162912,front_50_head_lv1_high_new_001,front,head wind,Level1,50,high,85,2,drone_5,192.168.0.104,B12,5,front_5,6,3,front_continuous_pad_feedback_positive_y_250cm,2026-08-29T16:29:56.920,44.505,24.883,78,79,1
20260829_162912,front_50_head_lv1_high_new_001,front,head wind,Level1,50,high,85,2,drone_1,192.168.0.100,B11,1,front_1,2,7,front_continuous_pad_feedback_positive_y_250cm,2026-08-29T16:29:57.023,44.609,24.987,80,81,1
20260829_162912,front_50_head_lv1_high_new_001,front,head wind,Level1,50,high,85,2,drone_2,192.168.0.101,B10,2,front_2,3,8,front_continuous_pad_feedback_positive_y_250cm,2026-08-29T16:29:57.023,44.609,24.987,77,77,0
20260829_162912,front_50_head_lv1_high_new_001,front,head wind,Level1,50,high,85,2,drone_3,192.168.0.102,B13,3,front_3,4,1,front_continuous_pad_feedback_positive_y_250cm,2026-08-29T16:29:57.023,44.609,24.987,72,80,8
20260829_162912,front_50_head_lv1_high_new_001,front,head wind,Level1,50,high,85,2,drone_4,192.168.0.103,B14,4,front_4,5,2,front_continuous_pad_feedback_positive_y_250cm,2026-08-29T16:29:57.023,44.609,24.987,80,81,1
20260829_162912,front_50_head_lv1_high_new_001,front,head wind,Level1,50,high,85,2,drone_5,192.168.0.104,B12,5,front_5,6,3,front_continuous_pad_feedback_positive_y_250cm,2026-08-29T16:29:57.023,44.609,24.987,78,79,1
